1	45	49	49	45	65	65	22	3	45	64	0	0	31	100	20	5	85	0	0	3	23	19448740490059302
2	60	62	63	60	80	80	22	3	45	141	0	0	31	100	20	5	102	0	0	3	23	19448740490059302
3	80	82	83	80	100	100	22	3	45	208	0	0	31	100	20	5	119	0	0	3	23	19448740490075702
4	39	52	43	65	60	50	20	20	45	65	0	0	31	100	20	5	85	0	0	3	30	10582691184973479
5	58	64	58	80	80	65	20	20	45	142	0	0	31	100	20	5	102	0	0	3	30	10582691184973479
6	78	84	78	100	109	85	20	2	45	209	0	0	31	100	20	5	119	0	0	3	30	12904928495883959
7	44	48	65	43	50	64	21	21	45	66	0	0	31	100	20	5	85	0	0	3	18	121624161467216559
8	59	63	80	58	65	80	21	21	45	143	0	0	31	100	20	5	102	0	0	3	18	121624161467216559
9	79	83	100	78	85	105	21	21	45	210	0	0	31	100	20	5	119	0	0	3	18	121624161500787391
10	45	30	35	45	20	20	7	7	255	53	0	0	127	100	15	5	85	0	0	0	51	0
11	50	20	55	30	25	25	7	7	120	72	0	0	127	100	15	5	85	0	0	0	51	0
12	60	45	50	70	80	80	7	2	45	160	0	88	127	100	15	5	119	0	0	0	51	18604039876730404
13	40	35	30	50	20	20	7	3	255	52	0	0	127	100	15	5	85	0	0	0	51	0
14	45	25	50	35	25	25	7	3	120	71	0	0	127	100	15	5	85	0	0	0	51	0
15	65	80	40	75	45	80	7	3	45	159	0	81	127	100	15	5	119	0	0	0	51	1434100386586148
16	40	45	40	56	35	35	0	2	255	55	0	0	127	100	15	5	85	0	0	3	68	2388443193218596
17	63	60	55	71	50	50	0	2	120	113	0	0	127	100	15	5	102	0	0	3	68	2388443193218596
18	83	80	75	91	70	70	0	2	45	172	0	0	127	100	15	5	119	0	0	3	68	2388443193234980
19	30	56	35	72	25	35	0	0	255	57	0	0	127	100	15	5	85	0	0	0	85	62427036759718
20	55	81	60	97	50	70	0	0	90	116	0	0	127	100	15	5	102	0	0	0	85	10195526198359734
21	40	60	30	70	31	31	0	2	255	58	0	0	127	100	15	5	85	0	0	0	68	2388443193218596
22	65	90	65	100	61	61	0	2	90	162	0	77	127	100	15	5	119	0	0	0	68	2388443193234980
23	35	60	44	55	40	54	3	3	255	62	0	0	127	100	20	5	85	0	0	0	94	9068834419709478
24	60	85	69	80	65	79	3	3	90	147	0	0	127	100	20	5	119	0	0	0	94	9068834419725862
25	35	55	30	90	50	40	23	23	190	82	0	173	127	100	10	5	85	0	0	0	86	27054337316033135
26	60	90	55	100	90	80	23	23	75	122	0	173	127	100	10	5	119	0	0	0	86	27089521688138351
27	50	75	85	40	20	30	4	4	255	93	0	0	127	100	20	5	85	0	0	0	85	10481467420907183
28	75	100	110	65	45	55	4	4	90	163	0	0	127	100	20	5	102	0	0	0	85	10481467420923567
29	55	47	52	41	40	40	3	3	235	59	0	0	254	100	20	5	85	0	0	3	21	66549534373414
30	70	62	67	56	55	55	3	3	120	117	0	0	254	100	20	5	102	0	0	3	255	9073748789114534
31	90	82	87	76	75	85	3	4	45	194	0	0	254	100	20	5	119	0	0	3	255	14000871417050807
32	46	57	40	50	40	40	3	3	235	60	0	0	0	100	20	5	85	0	0	3	21	66549534373414
33	61	72	57	65	55	55	3	3	120	118	0	0	0	100	20	5	102	0	0	3	21	9073748789114534
34	81	92	77	85	85	75	3	4	45	195	0	0	0	100	20	5	119	0	0	3	21	14000871417050807
35	70	45	48	35	60	65	0	0	150	68	150	8	191	100	10	5	85	0	0	4	102	27760091444492143
36	95	70	73	60	85	90	0	0	25	129	150	8	191	100	10	5	102	0	0	4	102	27760091444508527
37	38	41	40	65	50	65	20	20	190	63	79	79	191	100	20	5	102	0	0	0	85	26828720379430
38	73	76	75	100	81	100	20	20	75	178	79	79	191	100	20	5	119	0	0	0	85	26828720395830
39	115	45	20	20	45	25	0	0	170	76	0	0	191	100	10	5	85	0	0	4	102	27760091440297839
40	140	70	45	45	75	50	0	0	50	109	0	0	191	100	10	5	102	0	0	4	102	27760091440314223
41	40	45	35	55	30	40	3	2	255	54	0	0	127	100	15	5	85	0	0	0	68	136642306053668
42	75	80	70	90	65	75	3	2	90	171	0	0	127	100	15	5	119	0	0	0	68	136642306070052
43	45	50	55	30	75	65	22	3	255	78	0	0	127	100	20	5	85	0	0	3	119	19166749043531300
44	60	65	70	40	85	75	22	3	120	132	0	0	127	100	20	5	102	0	0	3	119	19166749043531300
45	75	80	85	50	100	90	22	3	45	184	0	0	127	100	20	5	119	0	0	3	119	19166749043547684
46	35	70	55	25	45	55	7	22	190	70	86	87	127	100	20	5	85	0	0	0	55	19483408526548644
47	60	95	80	30	60	80	7	22	75	128	86	87	127	100	20	5	119	0	0	0	55	19483408526565028
48	60	55	50	45	40	55	7	3	190	75	0	0	127	100	20	5	85	0	0	0	51	61910145637924
49	70	65	60	90	90	75	7	3	75	138	0	0	127	100	20	5	119	0	0	0	51	18076308655136292
50	10	55	25	95	35	45	4	4	255	81	0	0	127	100	20	5	85	0	0	0	85	1187536145290916
51	35	80	50	120	50	70	4	4	50	153	0	0	127	100	20	5	119	0	0	0	85	1187536145307300
52	40	45	35	90	40	40	0	0	255	69	0	0	127	100	20	5	85	0	0	0	85	631973925721958
53	65	70	60	115	65	65	0	0	90	148	0	0	127	100	20	5	119	0	0	0	85	631973925738358
54	50	52	48	55	65	50	21	21	190	80	0	0	127	100	20	5	85	0	0	0	37	139638285098791847
55	80	82	78	85	95	80	21	21	75	174	0	0	127	100	20	5	119	0	0	0	37	139919760075518887
56	40	80	35	70	35	45	1	1	190	74	0	0	127	100	20	5	85	0	0	0	85	9215865096050599
57	65	105	60	95	60	70	1	1	75	149	0	0	127	100	20	5	119	0	0	0	85	9215865096066983
58	55	70	45	60	70	50	20	20	190	91	79	79	63	100	20	5	85	0	0	5	85	26828728768182
59	90	110	80	95	100	80	20	20	75	213	79	79	63	100	20	5	119	0	0	5	85	26828728784566
60	40	50	40	90	40	40	21	21	255	77	0	0	127	100	20	5	85	0	0	3	34	112652141345878566
61	65	65	65	90	50	50	21	21	120	131	0	82	127	100	20	5	102	0	0	3	34	121663744049394342
62	90	85	95	70	70	90	21	1	45	185	0	82	127	100	20	5	119	0	0	3	34	121663744049410727
63	25	20	15	90	105	55	24	24	200	73	0	0	63	100	20	5	85	0	0	3	136	18782990223742823
64	40	35	30	105	120	70	24	24	100	145	0	0	63	100	20	5	102	0	0	3	136	18782990357960551
65	55	50	45	120	135	85	24	24	50	186	0	0	63	100	20	5	119	0	0	3	136	18782990357976935
66	70	80	50	35	35	35	1	1	180	88	0	0	63	100	20	5	85	0	0	3	136	9215177913865895
67	80	100	70	45	50	60	1	1	90	146	0	0	63	100	20	5	119	0	0	3	136	9215177913865895
68	90	130	80	55	65	85	1	1	45	193	0	0	63	100	20	5	119	0	0	3	136	9215177913882279
69	50	75	35	40	70	30	22	3	255	84	0	0	127	100	20	5	85	0	0	3	119	19166749043531300
70	65	90	50	55	85	45	22	3	120	151	0	0	127	100	20	5	102	0	0	3	119	19166749043531300
71	80	105	65	70	100	60	22	3	45	191	0	0	127	100	20	5	119	0	0	3	119	19166749043547684
72	40	40	35	70	50	100	21	3	190	105	0	0	127	100	20	5	85	0	0	5	153	41684747178455588
73	80	70	65	100	80	120	21	3	60	205	0	0	127	100	20	5	102	0	0	5	153	41684747178471972
74	40	80	100	20	30	30	5	4	255	86	0	112	127	100	15	5	85	0	0	3	170	9175110163961519
75	55	95	115	35	45	45	5	4	120	134	0	112	127	100	15	5	102	0	0	3	170	9175110163961519
76	80	110	130	45	55	65	5	4	45	177	0	112	127	100	15	5	102	0	0	3	170	9456585140688575
77	50	85	55	90	65	65	20	20	190	152	0	0	127	100	20	5	102	0	0	0	85	26828586161702
78	65	100	70	105	80	80	20	20	60	192	0	0	127	100	20	5	119	0	0	0	85	26828586178086
79	90	65	65	15	40	40	21	24	190	99	0	82	127	100	20	5	85	0	0	0	18	32117177001424742
80	95	75	110	30	100	80	21	24	75	164	0	82	127	100	20	5	119	0	0	0	18	32398656273119207
81	25	35	70	45	95	55	23	9	190	89	0	143	255	100	20	5	85	0	0	0	170	18023497483358828
82	50	60	95	70	120	70	23	9	60	161	0	143	255	100	20	5	102	0	0	0	170	18023497483375212
83	52	65	55	60	58	62	0	2	45	94	0	105	127	100	20	5	102	0	0	0	69	3514343104255782
84	35	85	45	75	35	35	0	2	190	96	0	0	127	100	20	5	85	0	0	0	68	2384045146707492
85	60	110	70	100	60	60	0	2	45	158	0	77	127	100	20	5	119	0	0	0	68	2384045146723876
86	65	45	55	45	45	70	21	21	190	100	0	0	127	100	20	5	102	0	0	0	37	112616406949540390
87	90	70	80	70	70	95	21	25	75	176	0	0	127	100	20	5	119	0	0	0	37	112616406949556774
88	80	80	50	25	40	50	3	3	190	90	0	36	127	100	20	5	85	0	0	0	187	203614821619301
89	105	105	75	50	65	100	3	3	75	157	0	36	127	100	20	5	119	0	0	0	187	203614821635685
90	30	65	100	40	45	25	21	21	190	97	110	111	127	100	20	5	85	0	0	5	153	40559087789519396
91	50	95	180	70	85	45	21	25	60	203	110	111	127	100	20	5	119	0	0	5	153	40559087789535780
92	30	35	30	80	100	35	8	3	190	95	0	0	127	100	20	5	119	0	0	3	187	626750436349796
93	45	50	45	95	115	55	8	3	90	126	0	0	127	100	20	5	102	0	0	3	187	626750436349796
94	60	65	60	110	130	75	8	3	45	190	0	0	127	100	20	5	102	0	0	3	187	9775790986057703
95	35	45	160	70	30	45	5	4	45	108	0	0	127	100	25	5	119	0	0	0	170	9033685485033142
96	60	48	45	42	43	90	24	24	190	102	0	0	127	100	20	5	102	0	0	0	136	18747805851653991
97	85	73	70	67	73	115	24	24	75	165	0	0	127	100	20	5	119	0	0	0	136	18747805851670375
98	30	105	90	50	25	25	21	21	225	115	0	0	127	100	20	5	85	0	0	0	153	51008572495737508
99	55	130	115	75	50	50	21	21	60	206	0	0	127	100	20	5	119	0	0	0	153	51008572495753892
100	40	30	50	100	55	55	23	23	190	103	0	0	255	100	20	5	85	0	0	0	170	18023497483358830
101	60	50	70	140	80	80	23	23	60	150	0	0	255	100	20	5	85	0	0	0	170	18023497483375214
102	60	40	80	40	60	45	22	24	90	98	0	0	127	100	20	5	119	0	0	5	119	27648382008629036
103	95	95	85	55	125	65	22	24	45	212	0	0	127	100	20	5	119	0	0	5	119	27648382008645422
104	50	50	95	35	40	50	4	4	190	87	0	118	127	100	20	5	85	0	0	0	17	9215242342610599
105	60	80	110	45	50	80	4	4	75	124	0	118	127	100	20	5	102	0	0	0	17	9215242342626983
106	50	120	53	87	35	110	1	1	45	139	0	0	0	100	25	5	119	0	0	0	136	9073473890096807
107	50	105	79	76	35	110	1	1	45	140	0	0	0	100	25	5	102	0	0	0	136	9215315185047207
108	90	55	75	30	60	75	0	0	45	127	0	0	127	100	20	5	119	0	0	0	17	15406047277348783
109	40	65	95	35	60	45	3	3	190	114	0	0	127	100	20	5	102	0	0	0	187	61772452664940
110	65	90	120	60	85	70	3	3	60	173	0	0	127	100	20	5	119	0	0	0	187	61772452681324
111	80	85	95	25	30	30	4	5	120	135	0	0	127	100	20	5	119	0	0	5	21	9033822940804862
112	105	130	120	40	45	45	4	5	60	204	0	0	127	100	20	5	119	0	0	5	21	13960734544885503
113	250	5	5	50	35	105	0	0	30	255	0	126	254	100	40	5	102	0	0	4	102	27050970869135343
114	65	55	115	60	100	40	22	22	45	166	0	0	127	100	20	5	102	0	0	0	119	19201933415636774
115	105	95	80	90	40	80	0	0	45	175	0	0	254	100	20	5	119	0	0	0	17	13960739242637047
116	30	40	70	60	70	25	21	21	225	83	0	151	127	100	20	5	85	0	0	0	46	112616681835835942
117	55	65	95	85	95	45	21	21	75	155	0	151	127	100	20	5	102	0	0	0	46	112616681835852326
118	45	67	60	63	35	50	21	21	225	111	0	0	127	100	20	5	102	0	0	0	204	76587884808483364
119	80	92	65	68	65	80	21	21	60	170	0	0	127	100	20	5	119	0	0	0	204	76587884808499748
120	30	45	55	85	70	55	21	21	225	106	131	132	255	100	20	5	102	0	0	5	153	130631080622142308
121	60	75	85	115	100	85	21	24	60	207	131	132	255	100	20	5	102	0	0	5	153	131196229598835556
122	40	45	65	90	100	120	24	24	45	136	0	150	127	100	25	5	102	0	0	0	136	18782991316244327
123	70	110	80	105	55	80	7	2	45	187	0	0	127	100	25	5	119	0	0	0	51	1544017189361318
124	65	50	35	95	115	95	25	24	45	137	80	80	254	100	25	5	102	0	0	0	136	626755788077863
125	65	83	57	105	95	85	23	23	45	156	0	0	63	100	25	5	102	0	0	0	136	27229713984082663
126	65	95	57	93	100	85	20	20	45	167	79	79	63	100	25	5	102	0	0	0	136	9215173723772583
127	65	125	100	85	55	70	7	7	45	200	0	0	127	100	25	5	119	0	0	5	51	10476174775506598
128	75	100	95	110	40	70	0	0	45	211	0	0	0	100	20	5	119	0	0	5	85	13537352640755430
129	20	10	55	80	15	20	21	21	255	20	0	0	127	100	5	5	102	0	0	5	206	0
130	95	125	79	81	60	100	21	2	45	214	0	0	127	100	5	5	119	0	0	5	206	121623812387894006
131	130	85	80	60	85	95	21	25	45	219	0	0	127	100	40	5	119	0	0	5	18	50131161440842470
132	48	48	48	48	48	48	0	0	35	61	0	0	255	100	20	5	85	0	0	0	221	0
133	55	55	50	55	45	65	0	0	45	92	0	0	31	100	35	5	85	0	0	0	85	31090804463142
134	130	65	60	65	110	95	21	21	45	196	0	0	31	100	35	5	102	0	0	0	85	112621081488782902
135	65	65	60	130	110	95	23	23	45	197	0	0	31	100	35	5	102	0	0	0	85	18045489330738806
136	65	130	60	65	95	110	20	20	45	198	0	0	31	100	35	5	102	0	0	0	85	31228243433078
137	65	60	70	40	85	75	0	0	45	130	0	0	255	100	20	5	102	0	0	0	170	18623831104812900
138	35	40	100	35	90	55	5	21	45	120	0	0	31	100	30	5	85	0	0	0	41	40594066003178158
139	70	60	125	55	115	70	5	21	45	199	0	0	31	100	30	5	102	0	0	0	41	40594066003194542
140	30	80	90	55	55	45	5	21	45	119	0	0	31	100	30	5	85	0	0	0	41	61669357105836
141	60	115	105	80	65	70	5	21	45	201	0	0	31	100	30	5	102	0	0	0	41	42001440887009966
142	80	105	65	130	60	75	5	2	45	202	0	0	31	100	35	5	119	0	0	5	68	2353463952102070
143	160	110	65	30	65	110	0	0	25	154	146	146	31	100	40	5	119	0	0	5	17	13679814288078831
144	90	85	100	85	95	125	25	2	3	215	0	0	255	100	80	5	119	0	0	5	255	2335735354750644
145	90	90	85	100	125	90	23	2	3	216	0	0	255	100	80	5	119	0	0	5	255	20350133880968948
146	90	100	90	90	125	85	20	2	3	217	0	0	255	100	80	5	119	0	0	5	255	2335872793663156
147	41	64	45	50	50	50	26	26	45	67	0	151	127	100	40	5	85	0	0	5	46	76592420323308134
148	61	84	65	70	70	70	26	26	45	144	0	151	127	100	40	5	102	0	0	5	46	76592420323308134
149	91	134	95	80	100	100	26	2	45	218	0	151	127	100	40	5	119	0	0	5	46	124373971219772135
150	106	110	90	130	154	90	24	24	3	220	0	152	255	100	120	5	119	0	0	5	255	27742224380590055
151	100	100	100	100	100	100	24	24	45	64	0	109	255	100	120	5	85	0	0	3	255	144115188075855871
152	45	49	65	45	49	65	22	22	45	64	0	0	31	100	20	5	85	0	0	3	23	19171113808240166
153	60	62	80	60	63	80	22	22	45	141	0	0	31	100	20	5	102	0	0	3	23	28459788039691942
154	80	82	100	80	83	100	22	22	45	208	0	0	31	100	20	5	119	0	0	3	23	28459788073262758
155	39	52	43	65	60	50	20	20	45	65	0	0	31	100	20	5	85	0	0	3	85	1157677503288878
156	58	64	58	80	80	65	20	20	45	142	0	0	31	100	20	5	102	0	0	3	85	10446351734740670
157	78	84	78	100	109	85	20	20	45	209	0	0	31	100	20	5	119	0	0	3	85	10588188768294591
158	50	65	64	43	44	48	21	21	45	66	0	0	31	100	20	5	85	0	0	3	18	41689116372087335
159	65	80	80	58	59	63	21	21	45	143	0	0	31	100	20	5	102	0	0	3	18	50977790603539127
160	85	105	100	78	79	83	21	21	45	210	0	0	31	100	20	5	119	0	0	3	18	50977790637109943
161	35	46	34	20	35	45	0	0	255	57	0	173	127	100	15	5	102	0	0	0	85	6119640872326703
162	85	76	64	90	45	55	0	0	90	116	173	174	127	100	15	5	102	0	0	0	85	15126840127084079
163	60	30	30	50	36	56	0	2	255	58	0	0	127	100	15	5	85	0	0	0	68	20967990679377444
164	100	50	50	70	76	96	0	2	90	162	0	0	127	100	15	5	119	0	0	0	68	20967990679393828
165	40	20	30	55	40	80	7	2	255	54	0	0	127	100	15	5	102	0	0	4	51	18077377967758895
166	55	35	50	85	55	110	7	2	90	134	0	0	127	100	15	5	102	0	0	4	51	18077377967775279
167	40	60	40	30	40	40	7	3	255	54	0	0	127	100	15	5	85	0	0	4	51	18076033911428644
168	70	90	70	40	60	60	7	3	90	134	0	0	127	100	15	5	119	0	0	4	51	18076033911445028
169	85	90	80	130	70	80	3	2	90	204	0	0	127	100	15	5	119	0	0	0	68	2388442119755300
170	75	38	38	67	56	56	21	23	190	90	0	0	127	100	20	5	102	0	0	5	204	130630805475758692
171	125	58	58	67	76	76	21	23	75	156	0	0	127	100	20	5	102	0	0	5	204	130630805475775076
172	20	40	15	60	35	35	23	23	190	42	0	173	127	100	10	5	85	0	0	0	255	18046038549664366
173	50	25	28	15	45	55	0	0	150	37	150	8	191	100	10	5	85	0	0	4	255	18611050878048110
174	90	30	15	15	40	20	0	0	170	39	0	0	191	100	10	5	85	0	0	4	255	18611050873853806
175	35	20	65	20	40	65	0	0	190	74	0	0	31	100	10	5	85	0	0	4	255	18048375798306798
176	55	40	85	40	80	105	0	2	75	114	0	0	31	100	10	5	119	0	0	4	70	20370544356186094
177	40	50	45	70	70	45	24	2	190	73	0	0	127	100	20	5	85	0	0	0	68	18645821318567716
178	65	75	70	95	95	70	24	2	75	171	0	0	127	100	20	5	102	0	0	0	68	20897621132269348
179	55	40	40	35	65	45	23	23	235	59	0	0	127	100	20	5	85	0	0	3	21	18041639429411430
180	70	55	55	45	80	60	23	23	120	117	0	0	127	100	20	5	102	0	0	3	21	27190675684135655
181	90	75	75	55	115	90	23	23	45	194	0	0	127	100	20	5	119	0	0	3	21	27190675684152039
182	75	80	85	50	90	100	22	22	45	184	0	0	127	100	20	5	119	0	0	3	119	19166714683809316
183	70	20	50	40	20	50	21	21	190	58	0	0	127	100	20	5	85	0	0	4	38	112617236956164655
184	100	50	80	50	50	80	21	21	75	153	0	0	127	100	20	5	119	0	0	4	38	121624436210922159
185	70	100	115	30	30	65	5	5	65	135	0	0	127	100	20	5	102	0	0	0	170	9211260903692207
186	90	75	75	70	90	100	21	21	45	185	0	82	127	100	20	5	119	0	0	3	34	121663744049410727
187	35	35	40	50	35	55	22	2	255	74	0	0	127	100	20	5	85	0	0	3	103	18041364532764198
188	55	45	50	80	45	65	22	2	120	136	0	0	127	100	20	5	102	0	0	3	103	18041364532764198
189	75	55	70	110	55	85	22	2	45	176	0	0	127	100	20	5	119	0	0	3	103	18041364532780582
190	55	70	55	85	40	55	0	0	45	94	0	0	127	100	20	5	85	0	0	4	85	11188389358933735
191	30	30	30	30	30	30	22	22	235	52	0	0	127	100	20	5	102	0	0	3	119	19166749043531300
192	75	75	55	30	105	85	22	22	120	146	0	0	127	100	20	5	102	0	0	3	119	19166749043547684
193	65	65	45	95	75	45	7	2	75	147	0	0	127	100	20	5	102	0	0	0	51	18080672073455142
194	55	45	45	15	25	25	21	4	255	52	0	0	127	100	20	5	85	0	0	0	37	58573869796758191
195	95	85	85	35	65	65	21	4	90	137	0	0	127	100	20	5	102	0	0	0	37	67581069051515567
196	65	65	60	110	130	95	24	24	45	197	0	0	31	100	35	5	102	0	0	0	85	19736538465916774
197	95	65	110	65	60	130	27	27	45	197	0	0	31	100	35	5	102	0	0	0	85	19736538465916774
198	60	85	42	91	85	42	27	2	30	107	0	0	127	100	20	5	102	0	0	3	68	2953592706799396
199	95	75	80	30	100	110	21	24	70	164	0	82	127	100	20	5	119	0	0	0	18	68427453292083175
200	60	60	60	85	85	85	8	8	45	147	0	113	127	100	25	5	102	0	0	4	187	18641973579290470
201	48	72	48	48	72	48	24	24	225	61	0	0	255	100	40	5	85	0	0	0	255	0
202	190	33	58	33	33	58	24	24	45	177	0	0	127	100	20	5	102	0	0	0	187	0
203	70	80	65	85	90	65	0	24	60	149	0	0	127	100	20	5	119	0	0	0	85	9634225680095206
204	50	65	90	15	35	35	7	7	190	60	0	0	127	100	20	5	85	0	0	0	51	9034165278023342
205	75	90	140	40	60	60	7	9	75	118	0	0	127	100	20	5	119	0	0	0	51	9034233997516462
206	100	70	70	45	65	65	0	0	190	75	0	0	127	100	20	5	102	0	0	0	85	9634499855587310
207	65	75	105	85	35	65	4	2	60	108	0	0	127	100	20	5	102	0	0	3	51	10480950783317670
208	75	85	200	30	55	65	9	4	25	196	0	143	127	100	25	5	119	0	0	0	170	10160135156094654
209	60	80	50	30	40	40	0	0	190	63	0	0	191	100	20	5	102	0	0	4	86	9215624976471799
210	90	120	75	45	60	60	0	0	75	178	0	0	191	100	20	5	102	0	0	4	86	9215624976488183
211	65	95	75	85	55	55	21	3	45	100	0	0	127	100	20	5	85	0	0	0	204	112617265942999598
212	70	130	100	65	55	80	7	9	25	200	0	0	127	100	25	5	119	0	0	0	51	10551285163579046
213	20	10	230	5	10	230	7	5	190	80	173	173	127	100	20	5	85	0	0	3	51	27048668105873070
214	80	125	75	85	40	95	7	1	45	200	0	0	127	100	25	5	102	0	0	5	51	10480572855555750
215	55	95	55	115	35	75	27	25	60	132	0	73	127	100	20	5	102	0	0	3	85	15550152103932839
216	60	80	50	40	50	50	0	0	120	124	0	0	127	100	20	5	85	0	0	0	85	10618841945675519
217	90	130	75	55	75	75	0	0	60	189	0	0	127	100	20	5	119	0	0	0	85	10618841945691903
218	40	40	40	20	70	40	20	20	190	78	0	0	127	100	20	5	85	0	0	0	187	27104533616300
219	50	50	120	30	80	80	20	5	75	154	0	0	127	100	20	5	102	0	0	0	187	9034303821928108
220	50	50	40	50	30	30	25	4	225	78	0	0	127	100	20	5	102	0	0	5	85	9038564429640374
221	100	100	80	50	60	60	25	4	75	160	0	0	127	100	20	5	102	0	0	5	85	9038564429656758
222	55	55	85	35	65	85	21	5	60	113	0	0	191	100	20	5	102	0	0	4	41	49566632017335982
223	35	65	35	65	65	35	21	21	190	78	0	0	127	100	20	5	85	0	0	0	44	40594822991139364
224	75	105	75	45	105	75	21	21	75	164	0	0	127	100	20	5	102	0	0	0	44	40594822991139364
225	45	55	45	75	65	45	25	2	45	183	0	0	127	100	20	5	102	0	0	4	37	2318074449211942
226	65	40	70	70	80	140	21	2	25	168	0	0	127	100	25	5	119	0	0	5	34	112616682901189158
227	65	80	140	70	40	70	9	2	25	168	0	0	127	100	25	5	119	0	0	5	68	3514411819537956
228	45	60	30	65	80	50	27	20	120	114	0	0	127	100	20	5	102	0	0	5	85	631595953886902
229	75	90	50	95	110	80	27	20	45	204	0	0	127	100	20	5	119	0	0	5	85	9638795208644278
230	75	95	95	85	95	95	21	26	45	207	0	151	127	100	20	5	119	0	0	0	46	112616681835852326
231	90	60	60	40	40	40	4	4	120	124	0	0	127	100	20	5	85	0	0	0	85	9034235102435006
232	90	120	120	50	60	60	4	4	60	189	0	0	127	100	20	5	119	0	0	0	85	9034235102451390
233	85	80	90	60	105	95	0	0	45	180	0	0	255	100	20	5	102	0	0	0	170	18624380860626788
234	73	95	62	85	85	65	0	0	45	165	0	0	127	100	20	5	119	0	0	5	85	18645822423635766
235	55	20	35	75	20	45	0	0	45	106	0	0	127	100	20	5	119	0	0	4	85	0
236	35	35	35	35	35	35	1	1	75	91	0	0	0	100	25	5	85	0	0	0	255	9073473890096806
237	50	95	95	70	35	110	1	1	45	138	0	0	0	100	25	5	119	0	0	0	136	9073474024314534
238	45	30	15	65	85	65	25	24	45	87	80	80	254	100	25	5	85	0	0	0	255	626755788061477
239	45	63	37	95	65	55	23	23	45	106	0	0	63	100	25	5	102	0	0	0	255	18222514725130855
240	45	75	37	83	70	55	20	20	45	117	79	79	63	100	25	5	102	0	0	0	255	207974469015079
241	95	80	105	100	40	70	0	0	45	200	72	72	254	100	20	5	102	0	0	5	85	13679676582789103
242	255	10	10	55	75	135	0	0	30	255	0	126	254	100	40	5	119	0	0	4	102	27050970864940783
243	90	85	75	115	115	100	23	23	3	216	0	0	255	100	80	5	119	0	0	5	255	28161064623101942
244	115	115	85	100	90	75	20	20	3	217	0	0	255	100	80	5	119	0	0	5	255	28161202047375286
245	100	75	115	85	90	115	21	21	3	215	0	0	255	100	80	5	119	0	0	5	255	113729457526405046
246	50	64	50	41	45	50	5	4	45	67	0	0	127	100	40	5	85	0	0	5	17	30884272756262
247	70	84	70	51	65	70	5	4	45	144	0	0	127	100	40	5	102	0	0	5	17	30884272756262
248	100	134	110	61	95	100	5	27	45	218	0	0	127	100	40	5	119	0	0	5	17	15652882931734199
249	106	90	130	110	90	154	24	2	3	220	0	0	255	100	120	5	119	0	0	5	255	124498075138914294
250	106	130	90	90	110	154	20	2	3	220	156	156	255	100	120	5	119	0	0	5	255	29922620400949236
251	100	100	100	100	100	100	24	22	45	64	0	109	255	100	120	5	85	0	0	3	255	18593664846487332
