45	49	49	45	65	65	12	3	45	64	256	0	0	31	20	70	3	1	7	65	0	0	3
60	62	63	60	80	80	12	3	45	141	1280	0	0	31	20	70	3	1	7	65	0	0	3
80	82	83	80	100	100	12	3	45	208	1536	0	0	31	20	70	3	1	7	65	0	0	3
39	52	43	65	60	50	10	10	45	65	64	0	0	31	20	70	3	1	14	66	0	0	0
58	64	58	80	80	65	10	10	45	142	320	0	0	31	20	70	3	1	14	66	0	0	0
78	84	78	100	109	85	10	2	45	209	768	0	0	31	20	70	3	1	14	66	0	0	0
44	48	65	43	50	64	11	11	45	66	16	0	0	31	20	70	3	1	2	67	0	0	1
59	63	80	58	65	80	11	11	45	143	1040	0	0	31	20	70	3	1	2	67	0	0	1
79	83	100	78	85	105	11	11	45	210	3072	0	0	31	20	70	3	1	2	67	0	0	1
45	30	35	45	20	20	6	6	255	53	1	0	0	127	15	70	0	3	3	19	0	0	3
50	20	55	30	25	25	6	6	120	72	32	0	0	127	15	70	0	3	3	61	0	0	3
60	45	50	70	80	80	6	2	45	160	1536	0	188	127	15	70	0	3	3	14	0	0	8
40	35	30	50	20	20	6	3	255	52	64	0	0	127	15	70	0	3	3	19	0	0	5
45	25	50	35	25	25	6	3	120	71	32	0	0	127	15	70	0	3	3	61	0	0	2
65	80	40	75	45	80	6	3	45	159	1032	0	211	127	15	70	0	3	3	68	0	0	2
40	45	40	56	35	35	0	2	255	55	64	0	0	127	15	70	3	4	4	51	0	0	5
63	60	55	71	50	50	0	2	120	113	128	0	0	127	15	70	3	4	4	51	0	0	5
83	80	75	91	70	70	0	2	45	172	192	0	0	127	15	70	3	4	4	51	0	0	5
30	56	35	72	25	35	0	0	255	57	64	0	0	127	15	70	0	5	5	50	62	0	6
55	81	60	97	50	70	0	0	127	116	128	0	0	127	15	70	0	5	5	50	62	0	5
40	60	30	70	31	31	0	2	255	58	64	0	0	127	15	70	0	4	4	51	0	0	5
65	90	65	100	61	61	0	2	90	162	128	0	210	127	15	70	0	4	4	51	0	0	5
35	60	44	55	40	54	3	3	255	62	4	0	0	127	20	70	0	5	14	22	61	0	6
60	85	69	80	65	79	3	3	90	147	8	0	0	127	20	70	0	5	14	22	61	0	6
35	55	30	90	50	40	13	13	190	82	128	139	202	127	10	70	0	5	6	9	0	6	2
60	90	55	100	90	80	13	13	75	122	192	0	139	127	10	70	0	5	6	9	0	0	2
50	75	85	40	20	30	4	4	255	93	16	0	183	127	20	70	0	5	5	8	0	0	2
75	100	110	65	45	55	4	4	90	163	32	0	183	127	20	70	0	5	5	8	0	0	2
55	47	52	41	40	40	3	3	235	59	1	0	0	254	20	70	3	1	5	38	0	0	1
70	62	67	56	55	55	3	3	120	117	2	0	0	254	20	70	3	15	15	38	0	0	1
90	82	87	76	75	85	3	4	45	194	3	0	0	254	20	70	3	15	15	38	0	0	1
46	57	40	50	40	40	3	3	235	60	4	0	0	0	20	70	3	1	5	38	0	0	6
61	72	57	65	55	55	3	3	120	118	8	0	0	0	20	70	3	1	5	38	0	0	6
81	92	77	85	85	75	3	4	45	195	12	0	0	0	20	70	3	1	5	38	0	0	6
70	45	48	35	60	65	0	0	150	68	2	138	94	191	10	140	4	6	6	56	0	0	9
95	70	73	60	85	90	0	0	25	129	3	138	94	191	10	140	4	6	6	56	0	0	9
38	41	40	65	50	65	10	10	190	63	64	136	136	191	20	70	0	5	5	18	0	0	5
73	76	75	100	81	100	10	10	75	178	1088	136	136	191	20	70	0	5	5	18	0	0	2
115	45	20	20	45	25	0	0	170	76	2	0	0	191	10	70	4	6	6	56	0	0	9
140	70	45	45	75	50	0	0	50	109	3	0	0	191	10	70	4	6	6	56	0	0	9
40	45	35	55	30	40	3	2	255	54	64	0	0	127	15	70	0	4	4	39	0	0	6
75	80	70	90	65	75	3	2	90	171	128	0	0	127	15	70	0	4	4	39	0	0	6
45	50	55	30	75	65	12	3	255	78	256	0	0	127	20	70	3	7	7	34	0	4	1
60	65	70	40	85	75	12	3	120	132	512	0	0	127	20	70	3	7	7	34	0	6	1
75	80	85	50	100	90	12	3	45	184	768	0	0	127	20	70	3	7	7	34	0	0	0
35	70	55	25	45	55	6	12	190	70	4	103	104	127	20	70	0	3	7	27	0	0	0
60	95	80	30	60	80	6	12	75	128	24	103	104	127	20	70	0	3	7	27	0	0	0
60	55	50	45	40	55	6	3	190	75	1024	0	0	127	20	70	0	3	3	14	0	0	6
70	65	60	90	90	75	6	3	75	138	320	0	0	127	20	70	0	3	3	19	0	0	6
10	55	25	95	35	45	4	4	255	81	64	0	0	127	20	70	0	5	5	8	71	0	5
35	80	50	120	50	70	4	4	50	153	128	0	0	127	20	70	0	5	5	8	71	0	5
40	45	35	90	40	40	0	0	255	69	64	0	0	127	20	70	0	5	5	53	0	0	2
65	70	60	115	65	65	0	0	90	148	128	0	0	127	20	70	0	5	5	7	0	0	2
50	52	48	55	65	50	11	11	190	80	256	0	0	127	20	70	0	2	5	6	13	6	2
80	82	78	85	95	80	11	11	75	174	512	0	0	127	20	70	0	2	5	6	13	8	1
40	80	35	70	35	45	1	1	190	74	4	0	0	127	20	70	0	5	5	72	0	0	5
65	105	60	95	60	70	1	1	75	149	8	0	0	127	20	70	0	5	5	72	0	0	5
55	70	45	60	70	50	10	10	190	91	4	136	136	63	20	70	5	5	5	22	18	0	5
90	110	80	95	100	80	10	10	75	213	8	136	136	63	20	70	5	5	5	22	18	0	5
40	50	40	90	40	40	11	11	255	77	64	0	0	127	20	70	3	2	2	11	6	0	129
65	65	65	90	50	50	11	11	120	131	128	0	187	127	20	70	3	2	2	11	6	0	129
90	85	95	70	70	90	11	1	45	185	48	0	187	127	20	70	3	2	2	11	6	0	129
25	20	15	90	105	55	14	14	200	73	256	0	214	63	20	70	3	8	8	28	39	0	5
40	35	30	105	120	70	14	14	100	145	512	0	214	63	20	70	3	8	8	28	39	0	5
55	50	45	120	135	85	14	14	50	186	768	0	214	63	20	70	3	8	8	28	39	0	5
70	80	50	35	35	35	1	1	180	88	4	0	0	63	20	70	3	8	8	62	0	0	7
80	100	70	45	50	60	1	1	90	146	8	0	0	63	20	70	3	8	8	62	0	0	7
90	130	80	55	65	85	1	1	45	193	12	0	0	63	20	70	3	8	8	62	0	0	7
50	75	35	40	70	30	12	3	255	84	4	0	0	127	20	70	3	7	7	34	0	0	3
65	90	50	55	85	45	12	3	120	151	8	0	0	127	20	70	3	7	7	34	0	0	3
80	105	65	70	100	60	12	3	45	191	12	0	0	127	20	70	3	7	7	34	0	0	3
40	40	35	70	50	100	11	3	190	105	1024	0	0	127	20	70	5	9	9	29	64	0	1
80	70	65	100	80	120	11	3	60	205	2048	0	0	127	20	70	5	9	9	29	64	0	1
40	80	100	20	30	30	5	4	255	86	16	0	195	127	15	70	3	10	10	69	5	4	5
55	95	115	35	45	45	5	4	120	134	32	0	195	127	15	70	3	10	10	69	5	0	5
80	110	130	45	55	65	5	4	45	177	48	0	195	127	15	70	3	10	10	69	5	0	5
50	85	55	90	65	65	10	10	190	152	64	0	0	127	20	70	0	5	5	50	18	0	2
65	100	70	105	80	80	10	10	60	192	128	0	0	127	20	70	0	5	5	50	18	0	2
90	65	65	15	40	40	11	14	190	99	1	0	187	127	20	70	0	1	2	12	20	0	9
95	75	110	30	100	80	11	14	75	164	32	0	187	127	20	70	0	1	2	12	20	0	9
25	35	70	45	95	55	13	8	190	89	256	0	199	255	20	70	0	10	10	42	5	0	7
50	60	95	70	120	70	13	8	60	161	512	0	199	255	20	70	0	10	10	42	5	0	7
52	65	55	60	58	62	0	2	45	94	4	0	225	127	20	70	0	4	5	51	39	0	5
35	85	45	75	35	35	0	2	190	96	4	0	210	127	20	70	0	4	4	50	48	8	5
60	110	70	100	60	60	0	2	45	158	8	0	210	127	20	70	0	4	4	50	48	10	5
65	45	55	45	45	70	11	11	190	100	1024	0	0	127	20	70	0	2	5	47	0	0	8
90	70	80	70	70	95	11	15	75	176	2048	0	0	127	20	70	0	2	5	47	0	0	8
80	80	50	25	40	50	3	3	190	90	1	0	110	127	20	70	0	11	11	1	60	0	6
105	105	75	50	65	100	3	3	75	157	5	0	110	127	20	70	0	11	11	1	60	0	6
30	65	100	40	45	25	11	11	190	97	16	106	107	127	20	70	5	9	9	75	0	0	6
50	95	180	70	85	45	11	15	60	203	32	106	107	127	20	70	5	9	9	75	0	0	6
30	35	30	80	100	35	7	3	190	95	256	0	0	127	20	70	3	11	11	26	0	0	6
45	50	45	95	115	55	7	3	90	126	512	0	0	127	20	70	3	11	11	26	0	0	6
60	65	60	110	130	75	7	3	45	190	768	0	0	127	20	70	3	11	11	26	0	0	6
35	45	160	70	30	45	5	4	45	108	16	0	0	127	25	70	0	10	10	69	5	0	7
60	48	45	42	43	90	14	14	190	102	1024	0	0	127	20	70	0	8	8	15	0	0	2
85	73	70	67	73	115	14	14	75	165	2048	0	0	127	20	70	0	8	8	15	0	0	2
30	105	90	50	25	25	11	11	225	115	4	0	0	127	20	70	0	9	9	52	75	0	0
55	130	115	75	50	50	11	11	60	206	8	0	0	127	20	70	0	9	9	52	75	0	128
40	30	50	100	55	55	13	13	190	103	64	0	0	255	20	70	0	10	10	43	9	0	0
60	50	70	140	80	80	13	13	60	150	128	0	0	255	20	70	0	10	10	43	9	0	0
60	40	80	40	60	45	12	14	90	98	16	0	0	127	20	70	5	7	7	34	0	0	9
95	95	85	55	125	65	12	14	45	212	512	0	0	127	20	70	5	7	7	34	0	0	2
50	50	95	35	40	50	4	4	190	87	16	0	224	127	20	70	0	1	1	69	31	0	5
60	80	110	45	50	80	4	4	75	124	32	0	224	127	20	70	0	1	1	69	31	0	5
50	120	53	87	35	110	1	1	45	139	8	0	0	0	25	70	0	8	8	7	0	0	5
50	105	79	76	35	110	1	1	45	140	2048	0	0	0	25	70	0	8	8	51	0	0	5
90	55	75	30	60	75	0	0	45	127	2	0	0	127	20	70	0	1	1	20	12	0	9
40	65	95	35	60	45	3	3	190	114	16	0	194	127	20	70	0	11	11	26	0	0	6
65	90	120	60	85	70	3	3	60	173	32	0	194	127	20	70	0	11	11	26	0	0	6
80	85	95	25	30	30	4	5	120	135	16	0	0	127	20	70	5	1	5	31	69	4	7
105	130	120	40	45	45	4	5	60	204	8	0	0	127	20	70	5	1	5	31	69	0	7
250	5	5	50	35	105	0	0	30	255	2	0	197	254	40	140	4	6	6	30	32	0	9
65	55	115	60	100	40	12	12	45	166	16	0	0	127	20	70	0	7	7	34	0	0	1
105	95	80	90	40	80	0	0	45	175	2	0	0	254	20	70	0	1	1	48	0	0	5
30	40	70	60	70	25	11	11	225	83	256	0	201	127	20	70	0	2	14	33	0	0	1
55	65	95	85	95	45	11	11	75	155	272	0	201	127	20	70	0	2	14	38	0	0	1
45	67	60	63	35	50	11	11	225	111	4	0	0	127	20	70	0	12	12	33	41	4	0
80	92	65	68	65	80	11	11	60	170	8	0	0	127	20	70	0	12	12	33	41	6	0
30	45	55	85	70	55	11	11	225	106	64	108	109	255	20	70	5	9	9	35	30	0	5
60	75	85	115	100	85	11	14	60	207	128	108	109	255	20	70	5	9	9	35	30	0	6
40	45	65	90	100	120	14	14	45	136	2048	0	138	127	25	70	0	8	8	43	0	0	9
70	110	80	105	55	80	6	2	45	187	4	0	0	127	25	70	0	3	3	68	0	0	3
65	50	35	95	115	95	15	14	45	137	512	137	137	254	25	70	0	8	8	12	0	0	0
65	83	57	105	95	85	13	13	45	156	128	0	0	63	25	70	0	8	8	9	0	0	130
65	95	57	93	100	85	10	10	45	167	512	136	136	63	25	70	0	8	8	49	0	0	0
65	125	100	85	55	70	6	6	45	200	8	0	0	127	25	70	5	3	3	52	0	8	5
75	100	95	110	40	70	0	0	45	211	68	0	0	0	20	70	5	5	5	22	0	0	5
20	10	55	80	15	20	11	11	255	20	64	0	0	127	5	70	5	12	14	33	0	4	0
95	125	79	81	60	100	11	2	45	214	8	0	0	127	5	70	5	12	14	22	0	0	1
130	85	80	60	85	95	11	15	45	219	2	0	0	127	40	70	5	1	2	11	75	0	1
48	48	48	48	48	48	0	0	35	61	1	0	223	255	20	70	0	13	13	7	0	0	6
55	55	50	55	45	65	0	0	45	92	1024	0	0	31	35	70	0	5	5	50	0	0	5
130	65	60	65	110	95	11	11	45	196	2	0	0	31	35	70	0	5	5	11	0	0	1
65	65	60	130	110	95	13	13	45	197	128	0	0	31	35	70	0	5	5	10	0	0	2
65	130	60	65	95	110	10	10	45	198	8	0	0	31	35	70	0	5	5	18	0	0	0
65	60	70	40	85	75	0	0	45	130	256	0	0	255	20	70	0	10	10	36	0	0	9
35	40	100	35	90	55	5	11	45	120	16	0	0	31	30	70	0	2	9	33	75	0	1
70	60	125	55	115	70	5	11	45	199	32	0	0	31	30	70	0	2	9	33	75	0	1
30	80	90	55	55	45	5	11	45	119	16	0	0	31	30	70	0	2	9	33	4	0	5
60	115	105	80	65	70	5	11	45	201	8	0	0	31	30	70	0	2	9	33	4	0	5
80	105	65	130	60	75	5	2	45	202	128	0	0	31	35	70	5	4	4	69	46	0	6
160	110	65	30	65	110	0	0	25	154	2	200	200	31	40	70	5	1	1	17	47	0	4
90	85	100	85	95	125	15	2	3	215	3072	0	0	255	80	35	5	15	15	46	0	0	1
90	90	85	100	125	90	13	2	3	216	768	0	0	255	80	35	5	15	15	46	0	0	2
90	100	90	90	125	85	10	2	3	217	768	0	0	255	80	35	5	15	15	46	0	0	2
41	64	45	50	50	50	16	16	45	67	4	0	201	127	40	35	5	2	14	61	0	0	1
61	84	65	70	70	70	16	16	45	144	8	0	201	127	40	35	5	2	14	61	0	0	1
91	134	95	80	100	100	16	2	45	218	12	0	201	127	40	35	5	2	14	39	0	0	5
106	110	90	130	154	90	14	14	3	220	768	0	0	255	120	0	5	15	15	46	0	0	6
100	100	100	100	100	100	14	14	45	64	3	141	141	255	120	100	3	15	15	28	0	0	9
45	49	65	45	49	65	12	12	45	64	1024	0	0	31	20	70	3	1	7	65	0	0	3
60	62	80	60	63	80	12	12	45	141	1040	0	0	31	20	70	3	1	7	65	0	0	3
80	82	100	80	83	100	12	12	45	208	2064	0	0	31	20	70	3	1	7	65	0	0	3
39	52	43	65	60	50	10	10	45	65	64	0	0	31	20	70	3	5	5	66	0	0	2
58	64	58	80	80	65	10	10	45	142	320	0	0	31	20	70	3	5	5	66	0	0	2
78	84	78	100	109	85	10	10	45	209	768	0	0	31	20	70	3	5	5	66	0	0	2
50	65	64	43	44	48	11	11	45	66	4	0	0	31	20	70	3	1	2	67	0	0	1
65	80	80	58	59	63	11	11	45	143	20	0	0	31	20	70	3	1	2	67	0	0	129
85	105	100	78	79	83	11	11	45	210	24	0	0	31	20	70	3	1	2	67	0	0	1
35	46	34	20	35	45	0	0	255	57	4	0	139	127	15	70	0	5	5	50	51	0	5
85	76	64	90	45	55	0	0	90	116	128	139	142	127	15	70	0	5	5	50	51	0	5
60	30	30	50	36	56	0	2	255	58	1	0	0	127	15	70	0	4	4	15	51	0	5
100	50	50	70	76	96	0	2	90	162	2	0	0	127	15	70	0	4	4	15	51	0	5
40	20	30	55	40	80	6	2	255	54	1024	0	0	127	15	70	4	3	3	68	48	0	0
55	35	50	85	55	110	6	2	90	134	2048	0	0	127	15	70	4	3	3	68	48	0	0
40	60	40	30	40	40	6	3	255	54	4	0	0	127	15	70	4	3	3	68	15	0	3
70	90	70	40	60	60	6	3	90	134	8	0	0	127	15	70	4	3	3	68	15	0	0
85	90	80	130	70	80	3	2	90	204	192	0	0	127	15	70	0	4	4	39	0	0	6
75	38	38	67	56	56	11	13	190	90	1	0	50	127	20	70	5	12	12	10	35	0	1
125	58	58	67	76	76	11	13	75	156	2	0	50	127	20	70	5	12	12	10	35	0	1
20	40	15	60	35	35	13	13	190	42	64	0	139	127	10	70	0	15	15	9	0	0	2
50	25	28	15	45	55	0	0	150	37	1024	138	94	191	10	140	4	15	15	56	0	0	9
90	30	15	15	40	20	0	0	170	39	1	0	0	191	10	70	4	15	15	56	0	0	137
35	20	65	20	40	65	0	0	190	74	1024	0	0	31	10	70	4	15	15	55	32	0	8
55	40	85	40	80	105	0	2	75	114	2048	0	0	31	10	70	4	4	6	55	32	0	8
40	50	45	70	70	45	14	2	190	73	256	0	0	127	20	70	0	4	4	28	48	6	3
65	75	70	95	95	70	14	2	75	171	320	0	0	127	20	70	0	4	4	28	48	8	3
55	40	40	35	65	45	13	13	235	59	256	0	0	127	20	70	3	1	5	9	0	0	8
70	55	55	45	80	60	13	13	120	117	512	0	0	127	20	70	3	1	5	9	0	0	9
90	75	75	55	115	90	13	13	45	194	768	0	0	127	20	70	3	1	5	9	0	0	2
75	80	85	50	90	100	12	12	45	184	3072	0	0	127	20	70	3	7	7	34	0	0	3
70	20	50	40	20	50	11	11	190	58	2	0	0	127	10	70	4	2	6	47	37	0	1
100	50	80	50	50	80	11	11	75	153	3	0	0	127	10	70	4	2	6	47	37	0	1
70	100	115	30	30	65	5	5	65	135	32	0	0	127	20	70	0	10	10	5	69	0	5
90	75	75	70	90	100	11	11	45	185	3072	0	187	127	20	70	3	2	2	11	6	0	131
35	35	40	50	35	55	12	2	255	74	1024	0	0	127	20	70	3	6	7	34	0	0	9
55	45	50	80	45	65	12	2	120	136	128	0	0	127	20	70	3	6	7	34	0	0	3
75	55	70	110	55	85	12	2	45	176	192	0	0	127	20	70	3	6	7	34	0	0	1
55	70	55	85	40	55	0	0	45	94	64	0	0	127	20	70	4	5	5	50	53	0	6
30	30	30	30	30	30	12	12	235	52	256	0	0	127	20	70	3	7	7	34	0	0	2
75	75	55	30	105	85	12	12	120	146	512	0	0	127	20	70	3	7	7	34	0	0	2
65	65	45	95	75	45	6	2	75	147	128	0	0	127	20	70	0	3	3	3	14	0	0
55	45	45	15	25	25	11	4	255	52	1	0	0	127	20	70	0	2	5	6	11	0	1
95	85	85	35	65	65	11	4	90	137	2	0	0	127	20	70	0	2	5	6	11	0	1
65	65	60	110	130	95	14	14	45	197	512	0	0	31	35	70	0	5	5	28	0	0	6
95	65	110	65	60	130	17	17	45	197	2048	0	0	31	35	35	0	5	5	28	0	0	4
60	85	42	91	85	42	17	2	30	107	64	0	0	127	20	35	3	4	4	15	0	0	4
95	75	80	30	100	110	11	14	70	164	3072	0	187	127	20	70	0	1	2	12	20	0	9
60	60	60	85	85	85	7	7	45	147	1280	0	213	127	25	35	4	11	11	26	0	0	7
48	72	48	48	72	48	14	14	225	61	260	0	0	255	40	70	0	15	15	26	0	0	132
190	33	58	33	33	58	14	14	45	177	2	0	0	127	20	70	0	11	11	23	0	4	1
70	80	65	85	90	65	0	14	60	149	512	0	140	127	20	70	0	5	5	39	48	4	2
50	65	90	15	35	35	6	6	190	60	16	0	0	127	20	70	0	3	3	5	0	0	7
75	90	140	40	60	60	6	8	75	118	32	0	0	127	20	70	0	3	3	5	0	0	6
100	70	70	45	65	65	0	0	190	75	1	0	0	127	20	70	0	5	5	32	50	0	2
65	75	105	85	35	65	4	2	60	108	16	0	0	127	20	70	3	3	3	52	8	0	6
75	85	200	30	55	65	8	4	25	196	32	0	199	127	25	70	0	10	10	69	5	0	7
60	80	50	30	40	40	0	0	190	63	4	0	0	191	20	70	4	5	6	22	50	0	9
90	120	75	45	60	60	0	0	75	178	8	0	0	191	20	70	4	5	6	22	22	0	6
65	95	75	85	55	55	11	3	45	100	4	0	0	127	20	70	0	12	12	38	33	0	7
70	130	100	65	55	80	6	8	25	200	8	0	0	127	25	70	0	3	3	68	0	0	0
20	10	230	5	10	230	6	5	190	80	1040	139	139	127	20	70	3	3	3	5	0	0	2
80	125	75	85	40	95	6	1	45	200	8	0	0	127	25	70	5	3	3	68	62	8	1
55	95	55	115	35	75	17	15	60	132	64	0	183	127	20	35	3	5	5	39	51	0	132
60	80	50	40	50	50	0	0	120	124	4	0	0	127	20	70	0	5	5	53	0	0	133
90	130	75	55	75	75	0	0	60	189	8	0	0	127	20	70	0	5	5	62	0	0	5
40	40	40	20	70	40	10	10	190	78	256	0	0	127	20	70	0	11	11	40	49	0	0
50	50	120	30	80	80	10	5	75	154	32	0	0	127	20	70	0	11	11	40	49	0	0
50	50	40	50	30	30	15	4	225	78	4	0	0	127	20	70	5	5	5	12	0	0	5
100	100	80	50	60	60	15	4	75	160	5	0	0	127	20	70	5	5	5	12	0	0	5
55	55	85	35	65	85	11	5	60	113	1040	0	48	191	20	70	4	2	9	55	30	0	9
35	65	35	65	65	35	11	11	190	78	256	0	0	127	20	70	0	2	12	55	0	0	7
75	105	75	45	105	75	11	11	75	164	260	0	0	127	20	70	0	2	12	21	0	0	0
45	55	45	75	65	45	15	2	45	183	64	0	0	127	20	70	4	2	5	72	55	0	0
65	40	70	70	80	140	11	2	25	168	2048	0	0	127	25	70	5	2	2	33	11	0	6
65	80	140	70	40	70	8	2	25	168	32	0	0	127	25	70	5	4	4	51	5	0	7
45	60	30	65	80	50	17	10	120	114	256	0	0	127	20	35	5	5	5	48	18	0	4
75	90	50	95	110	80	17	10	45	204	512	0	0	127	20	35	5	5	5	48	18	0	4
75	95	95	85	95	95	11	16	45	207	1284	0	201	127	20	70	0	2	14	33	0	0	1
90	60	60	40	40	40	4	4	120	124	1	0	0	127	20	70	0	5	5	53	0	10	1
90	120	120	50	60	60	4	4	60	189	20	0	0	127	20	70	0	5	5	5	0	0	7
85	80	90	60	105	95	0	0	45	180	512	0	0	255	20	70	0	10	10	36	0	0	0
73	95	62	85	85	65	0	0	45	165	4	0	0	127	20	70	5	5	5	22	0	0	5
55	20	35	75	20	45	0	0	45	106	64	0	0	127	20	70	4	5	5	20	0	0	8
35	35	35	35	35	35	1	1	75	91	4	0	0	0	25	70	0	15	15	62	0	0	6
50	95	95	70	35	110	1	1	45	138	2048	0	0	0	25	70	0	8	8	22	0	0	5
45	30	15	65	85	65	15	14	45	87	256	137	137	254	25	70	0	15	15	12	0	0	9
45	63	37	95	65	55	13	13	45	106	64	0	0	63	25	70	0	15	15	9	0	0	130
45	75	37	83	70	55	10	10	45	117	64	136	136	63	25	70	0	15	15	49	0	0	0
95	80	105	100	40	70	0	0	45	200	32	29	29	254	20	70	5	5	5	47	0	0	9
255	10	10	55	75	135	0	0	30	255	2	0	197	254	40	140	4	6	6	30	32	0	9
90	85	75	115	115	100	13	13	3	216	384	0	0	255	80	35	5	15	15	46	0	0	2
115	115	85	100	90	75	10	10	3	217	9	0	0	255	80	35	5	15	15	46	0	0	5
100	75	115	85	90	115	11	11	3	215	2064	0	0	255	80	35	5	15	15	46	0	0	1
50	64	50	41	45	50	5	4	45	67	4	0	0	127	40	35	5	1	1	62	0	0	3
70	84	70	51	65	70	5	4	45	144	8	0	0	127	40	35	5	1	1	61	0	0	7
100	134	110	61	95	100	5	17	45	218	12	0	0	127	40	35	5	1	1	45	0	0	3
106	90	130	110	90	154	14	2	3	220	3072	0	0	255	120	0	5	15	15	46	0	0	8
106	130	90	90	110	154	10	2	3	220	3072	45	45	255	120	0	5	15	15	46	0	0	0
100	100	100	100	100	100	14	12	45	64	3	141	141	255	120	100	3	15	15	30	0	0	3
50	150	50	150	150	50	0	0	3	1	2730	0	0	255	120	0	0	15	15	0	0	0	4
50	150	50	150	150	50	0	0	3	1	2730	0	0	255	120	0	0	15	15	0	0	0	4
50	150	50	150	150	50	0	0	3	1	2730	0	0	255	120	0	0	15	15	0	0	0	4
50	150	50	150	150	50	0	0	3	1	2730	0	0	255	120	0	0	15	15	0	0	0	4
50	150	50	150	150	50	0	0	3	1	2730	0	0	255	120	0	0	15	15	0	0	0	4
50	150	50	150	150	50	0	0	3	1	2730	0	0	255	120	0	0	15	15	0	0	0	4
50	150	50	150	150	50	0	0	3	1	2730	0	0	255	120	0	0	15	15	0	0	0	4
50	150	50	150	150	50	0	0	3	1	2730	0	0	255	120	0	0	15	15	0	0	0	4
50	150	50	150	150	50	0	0	3	1	2730	0	0	255	120	0	0	15	15	0	0	0	4
50	150	50	150	150	50	0	0	3	1	2730	0	0	255	120	0	0	15	15	0	0	0	4
50	150	50	150	150	50	0	0	3	1	2730	0	0	255	120	0	0	15	15	0	0	0	4
50	150	50	150	150	50	0	0	3	1	2730	0	0	255	120	0	0	15	15	0	0	0	4
50	150	50	150	150	50	0	0	3	1	2730	0	0	255	120	0	0	15	15	0	0	0	4
50	150	50	150	150	50	0	0	3	1	2730	0	0	255	120	0	0	15	15	0	0	0	4
50	150	50	150	150	50	0	0	3	1	2730	0	0	255	120	0	0	15	15	0	0	0	4
50	150	50	150	150	50	0	0	3	1	2730	0	0	255	120	0	0	15	15	0	0	0	4
50	150	50	150	150	50	0	0	3	1	2730	0	0	255	120	0	0	15	15	0	0	0	4
50	150	50	150	150	50	0	0	3	1	2730	0	0	255	120	0	0	15	15	0	0	0	4
50	150	50	150	150	50	0	0	3	1	2730	0	0	255	120	0	0	15	15	0	0	0	4
50	150	50	150	150	50	0	0	3	1	2730	0	0	255	120	0	0	15	15	0	0	0	4
50	150	50	150	150	50	0	0	3	1	2730	0	0	255	120	0	0	15	15	0	0	0	4
50	150	50	150	150	50	0	0	3	1	2730	0	0	255	120	0	0	15	15	0	0	0	4
50	150	50	150	150	50	0	0	3	1	2730	0	0	255	120	0	0	15	15	0	0	0	4
50	150	50	150	150	50	0	0	3	1	2730	0	0	255	120	0	0	15	15	0	0	0	4
50	150	50	150	150	50	0	0	3	1	2730	0	0	255	120	0	0	15	15	0	0	0	4
40	45	35	70	65	55	12	12	45	65	64	0	0	31	20	70	3	1	14	65	0	0	3
50	65	45	95	85	65	12	12	45	141	128	0	0	31	20	70	3	1	14	65	0	0	3
70	85	65	120	105	85	12	12	45	208	192	0	0	31	20	70	3	1	14	65	0	0	3
45	60	40	45	70	50	10	10	45	65	256	0	0	31	20	70	3	5	5	66	0	0	0
60	85	60	55	85	60	10	1	45	142	260	0	0	31	20	70	3	5	5	66	0	0	0
80	120	70	80	110	70	10	1	45	209	12	0	0	31	20	70	3	5	5	66	0	0	0
50	70	50	40	50	50	11	11	45	65	4	0	0	31	20	70	3	1	2	67	0	0	1
70	85	70	50	60	70	11	4	45	143	8	0	0	31	20	70	3	1	2	67	0	0	1
100	110	90	60	85	90	11	4	45	210	12	0	0	31	20	70	3	1	2	67	0	0	1
35	55	35	35	30	30	17	17	255	55	4	0	135	127	15	70	0	5	5	50	0	0	7
70	90	70	70	60	60	17	17	127	128	8	0	135	127	15	70	0	5	5	22	0	0	7
38	30	41	60	30	41	0	0	255	60	64	0	139	127	15	70	0	5	5	53	0	0	5
78	70	61	100	50	61	0	0	90	128	128	139	142	127	15	70	0	5	5	53	0	0	8
45	45	35	20	20	30	6	6	255	54	1	0	0	127	15	70	0	3	3	19	0	0	0
50	35	55	15	25	25	6	6	120	71	32	0	0	127	15	70	0	3	3	61	0	0	8
60	70	50	65	90	50	6	2	45	161	768	0	188	127	15	70	0	3	3	68	0	0	2
50	35	55	15	25	25	6	6	120	72	32	0	0	127	15	70	0	3	3	61	0	0	6
60	50	70	65	50	90	6	3	45	160	3072	0	188	127	15	70	0	3	3	19	0	0	3
40	30	30	30	40	50	11	12	255	74	1024	0	0	127	15	70	3	2	7	33	44	0	3
60	50	50	50	60	70	11	12	120	141	2048	0	0	127	15	70	3	2	7	33	44	0	3
80	70	70	70	90	100	11	12	45	181	3072	0	0	127	15	70	3	2	7	33	44	0	3
40	40	50	30	30	30	12	12	255	74	16	0	0	127	15	70	3	5	7	34	48	0	5
70	70	40	60	60	40	12	17	120	141	8	0	0	127	15	70	3	5	7	34	48	0	5
90	100	60	80	90	60	12	17	45	181	12	0	0	127	15	70	3	5	7	34	48	0	5
31	45	90	40	30	30	6	4	255	65	16	0	0	127	15	70	1	3	3	14	0	0	7
61	90	45	160	50	50	6	2	120	155	128	0	0	127	15	70	1	3	3	3	0	0	2
1	90	45	40	30	30	6	7	45	95	2	0	0	255	15	70	1	10	10	25	0	0	5
40	55	30	85	30	30	0	2	200	59	64	0	0	127	15	70	3	4	4	62	0	0	1
60	85	60	125	50	50	0	2	45	162	128	0	0	127	15	70	3	4	4	62	0	0	1
60	40	60	35	40	60	12	12	255	65	1	0	0	127	15	70	2	6	7	27	0	0	5
60	130	80	70	60	60	12	1	90	165	8	0	0	127	15	70	2	6	7	27	0	0	3
60	60	60	60	60	60	0	0	255	85	256	0	134	127	15	70	4	5	8	20	0	0	133
40	30	30	85	55	30	11	2	190	64	64	0	0	127	20	70	0	2	4	51	0	0	8
60	50	100	65	85	70	11	2	45	164	32	0	0	127	20	70	0	2	4	51	0	0	2
40	30	32	65	50	52	6	11	200	63	64	0	0	127	15	70	0	2	3	33	0	0	1
70	60	62	60	80	82	6	2	75	128	1280	0	188	127	15	70	0	2	3	22	0	0	1
130	70	35	60	70	35	11	11	125	137	1	0	0	127	40	70	2	5	12	41	12	0	1
170	90	45	60	90	45	11	11	60	206	2	0	0	127	40	70	2	5	12	41	12	0	1
50	45	45	50	35	35	0	0	255	65	64	0	138	191	15	70	4	5	6	56	0	0	9
70	65	65	70	55	55	0	0	60	138	65	0	138	191	15	70	4	5	6	56	0	0	6
60	90	70	40	60	120	0	0	200	132	1024	0	140	127	20	70	3	5	5	16	0	0	3
40	40	55	55	40	70	4	14	255	58	1024	0	0	255	20	70	0	10	10	26	0	0	5
60	70	105	75	70	120	4	14	90	189	2048	0	0	255	20	70	0	10	10	26	0	0	4
30	45	135	30	45	90	5	5	255	108	16	0	0	127	20	70	0	10	10	5	42	0	7
70	85	140	20	85	70	10	10	90	161	32	0	0	127	20	70	0	5	5	73	0	0	5
50	75	75	50	65	65	17	7	45	98	20	0	0	127	25	35	3	8	8	51	0	0	6
50	48	43	60	46	41	11	4	190	92	1	0	0	127	20	70	0	12	12	12	0	0	7
110	78	73	60	76	71	11	4	75	158	2	0	0	127	20	70	0	12	12	12	0	0	1
43	30	55	97	40	65	11	11	225	110	64	111	0	191	20	70	4	12	12	33	0	0	9
43	80	65	35	50	35	11	11	205	111	4	0	0	127	15	70	2	2	9	52	75	0	0
63	120	85	55	90	55	11	17	155	161	8	0	0	127	15	70	2	2	9	52	75	0	0
20	15	20	80	10	55	11	11	255	61	64	0	0	127	20	70	1	2	14	33	0	0	5
95	60	79	81	100	125	11	11	60	213	2048	0	0	127	20	70	1	2	14	63	0	0	9
45	90	20	65	65	20	11	17	225	88	4	0	0	127	20	35	5	12	12	24	0	0	0
70	120	40	95	95	40	11	17	60	175	8	0	0	127	20	35	5	12	12	24	0	0	1
45	100	45	10	45	45	4	4	255	73	4	0	203	127	20	70	3	3	3	52	71	0	5
50	70	50	70	50	50	4	16	120	126	68	0	0	127	20	70	3	3	3	26	26	0	3
80	100	80	100	80	80	4	16	45	197	132	0	0	127	20	70	3	3	3	26	26	0	3
72	60	30	25	20	30	1	1	180	87	1	0	0	63	20	70	2	8	8	47	62	0	2
144	120	60	50	40	60	1	1	200	184	2	0	187	63	20	70	2	8	8	47	62	0	5
40	45	40	65	65	40	13	13	120	104	64	0	0	127	20	70	5	5	5	9	31	0	3
70	75	60	105	105	60	13	13	45	168	128	0	0	127	20	70	5	5	5	9	31	0	2
60	60	40	35	65	45	10	4	255	88	256	136	136	127	20	70	0	5	5	12	0	0	2
70	100	70	40	105	75	10	4	150	175	260	136	136	127	20	70	0	5	5	40	0	0	0
70	40	50	25	55	50	15	11	255	75	1	0	0	127	20	70	3	2	5	47	0	0	1
90	60	70	45	75	70	15	11	120	128	2	0	0	127	20	70	3	2	5	47	0	0	1
110	80	90	65	95	90	15	11	45	192	3	0	0	127	20	70	3	2	5	47	0	0	1
50	85	40	35	85	40	12	12	190	97	256	0	211	127	20	35	3	7	8	8	0	0	3
70	115	60	55	115	60	12	17	60	177	260	0	211	127	20	35	3	7	8	8	0	0	3
50	50	50	50	50	50	15	15	190	74	1	0	0	127	20	70	0	6	10	39	0	0	7
80	80	80	80	80	80	15	15	75	187	2	0	212	127	20	70	0	6	10	39	0	0	7
70	55	65	70	95	85	5	14	45	150	512	0	94	255	25	70	4	10	10	26	0	0	2
70	95	85	70	55	65	5	14	45	150	8	0	93	255	25	70	4	10	10	26	0	0	0
50	20	40	20	20	40	0	0	150	33	1	0	0	191	10	70	4	15	15	47	37	0	1
60	25	35	60	70	80	14	14	255	89	1024	0	0	127	20	70	4	5	5	47	20	0	4
80	45	65	80	90	110	14	14	60	164	2048	0	0	127	20	70	4	5	5	47	20	0	6
60	50	40	95	85	75	13	13	200	120	64	0	0	127	20	70	0	6	6	57	0	0	2
60	40	50	95	75	85	13	13	200	120	64	0	0	127	20	70	0	6	6	58	0	0	2
50	85	85	50	55	55	8	8	45	98	20	0	0	127	20	70	4	5	6	52	22	0	4
30	40	55	60	40	55	1	14	180	91	64	0	0	127	20	70	0	8	8	74	0	0	1
60	60	75	80	60	75	1	14	90	153	128	0	0	127	20	70	0	8	8	74	0	0	0
45	40	60	50	40	75	0	2	255	74	1024	0	0	127	20	70	1	4	14	30	0	0	1
75	70	90	80	70	105	16	2	45	188	2048	0	0	127	20	70	1	4	14	30	0	0	1
95	23	48	23	23	48	14	14	125	44	1	0	0	127	20	70	0	15	15	23	0	0	1
20	40	90	25	30	90	7	7	190	97	1040	0	213	127	25	35	4	11	11	26	0	0	4
40	70	130	25	60	130	7	7	90	179	2064	0	213	127	25	35	4	11	11	46	0	0	4
50	60	45	65	100	80	12	3	150	152	256	0	211	127	20	70	3	6	7	30	38	0	131
60	60	60	30	35	35	0	0	255	83	1	0	0	127	15	70	5	5	5	54	0	0	5
80	80	80	90	55	55	0	0	120	126	128	0	0	127	15	70	5	5	5	72	0	0	8
150	160	100	100	95	65	0	0	45	210	3	0	0	127	15	70	5	5	5	54	0	0	5
70	43	53	40	43	53	3	3	225	75	1	0	107	127	20	70	2	11	11	64	60	0	3
100	73	83	55	73	83	3	3	75	168	2	0	107	127	20	70	2	11	11	64	60	0	6
99	68	83	51	72	87	12	2	200	169	2	0	0	127	25	70	5	1	7	34	0	0	3
64	51	23	28	51	23	0	0	190	68	1	0	134	127	20	70	3	1	5	43	0	0	9
84	71	43	48	71	43	0	0	120	126	2	0	134	127	20	70	3	1	5	43	0	0	1
104	91	63	68	91	63	0	0	45	184	3	0	134	127	20	70	3	1	5	43	0	0	1
35	64	85	32	74	55	11	11	255	142	16	0	49	127	20	70	1	2	2	75	0	0	1
55	104	105	52	94	75	11	11	60	178	20	0	0	127	20	70	1	2	2	33	0	0	1
55	84	105	52	114	75	11	11	60	178	512	0	0	127	20	70	1	2	2	33	0	0	9
65	130	60	75	75	60	17	17	30	174	8	0	0	127	25	35	3	5	5	46	0	0	136
44	75	35	45	63	33	7	7	225	97	4	0	213	127	25	35	4	11	11	15	0	0	4
64	115	65	65	83	63	7	7	45	179	8	0	213	127	25	35	4	11	11	15	0	0	4
73	100	60	65	100	60	3	3	90	165	260	0	0	127	20	70	2	5	14	61	0	0	132
73	115	60	90	60	60	0	0	90	165	8	0	0	127	20	70	1	5	5	17	0	0	136
100	90	130	55	45	65	11	5	25	198	17	0	51	31	40	70	5	2	12	33	69	0	7
50	70	100	30	40	40	8	5	180	96	16	0	204	127	35	35	5	1	1	5	69	0	7
60	90	140	40	50	50	8	5	90	152	32	0	204	127	35	35	5	1	1	5	69	0	7
70	110	180	50	60	60	8	5	45	205	48	0	204	127	35	35	5	1	1	5	69	0	7
70	70	70	70	70	70	0	0	45	145	1	209	209	127	25	70	0	6	11	59	0	0	8
65	73	55	85	47	75	6	6	150	146	64	0	0	0	15	70	1	3	8	35	68	0	7
65	47	55	85	73	75	6	6	150	146	64	0	0	254	15	70	2	3	8	12	0	0	6
66	41	77	23	61	87	5	12	45	121	1024	0	0	31	30	70	1	9	9	21	0	0	6
86	81	97	43	81	107	5	12	45	201	2048	0	0	31	30	70	1	9	9	21	0	0	3
45	95	50	75	40	50	5	6	45	119	4	0	0	31	30	70	1	9	9	4	0	0	7
75	125	100	45	70	80	5	6	45	200	8	0	0	31	30	70	1	9	9	4	0	0	7
28	25	25	40	45	35	14	14	235	70	256	0	0	127	20	35	5	11	11	28	36	0	8
38	35	35	50	65	55	14	14	120	140	512	0	0	127	20	35	5	11	11	28	36	0	8
68	65	65	80	125	115	14	14	45	208	768	0	0	127	20	35	5	11	11	28	36	0	8
45	75	60	50	40	30	16	16	45	89	4	0	201	127	40	35	5	14	14	69	0	0	1
65	95	100	50	60	50	16	16	45	144	32	0	201	127	40	35	5	14	14	69	0	0	8
95	135	80	100	110	80	16	2	45	218	12	0	201	127	40	35	5	14	14	22	0	0	1
40	55	80	30	35	60	8	14	3	103	16	0	199	255	40	35	5	10	10	29	0	0	1
60	75	100	50	55	80	8	14	3	153	32	0	199	255	40	35	5	10	10	29	0	0	1
80	135	130	70	95	90	8	14	3	210	48	0	199	255	40	35	5	10	10	29	0	0	1
80	100	200	50	50	100	5	5	3	217	48	0	0	255	80	35	5	15	15	29	0	0	5
80	50	100	50	100	200	15	15	3	216	3072	0	0	255	80	35	5	15	15	29	0	0	1
80	75	150	50	75	150	8	8	3	215	1056	0	0	255	80	35	5	15	15	29	0	0	7
100	100	90	90	150	140	11	11	5	218	768	0	0	255	120	0	5	15	15	2	0	0	1
100	150	140	90	100	90	4	4	5	218	12	0	0	255	120	0	5	15	15	70	0	0	0
105	150	90	95	150	90	16	2	3	220	264	0	0	255	120	0	5	15	15	77	0	0	3
80	80	90	110	110	130	16	14	3	211	3072	0	0	254	120	90	5	15	15	26	0	0	0
80	90	80	110	130	110	16	14	3	211	768	0	0	0	120	90	5	15	15	26	0	0	1
100	100	100	100	100	100	8	14	3	215	3	109	109	255	120	100	5	15	15	32	0	0	2
50	150	50	150	150	50	14	14	3	215	324	0	0	255	120	0	5	15	15	46	0	0	128
65	50	70	65	95	80	14	14	45	147	1280	0	0	127	25	70	4	11	11	26	0	0	1
