1	45	49	49	45	65	22	3	45	64	85	16384	16612	33	45	0	0	3	1697662063084452
2	60	62	63	60	80	22	3	45	141	102	20457	20851	33	45	73	0	3	1697662063084452
3	80	82	83	80	100	22	3	45	208	119	16737	17281	33	45	73	22	3	1697662063100836
4	39	52	43	65	50	20	20	45	65	85	24048	24316	10	45	0	0	3	10705823526224821
5	58	64	58	80	65	20	20	45	142	102	24776	25125	10	45	52	0	3	10705823526224821
6	78	84	78	100	85	20	2	45	209	119	25769	26368	10	45	52	43	3	12957623440589749
7	44	48	65	43	50	21	21	45	66	85	24408	24651	33	39	0	0	3	14083110925713329
8	59	63	80	58	65	21	21	45	143	102	25230	25620	33	39	145	0	3	14083110925713329
9	79	83	100	78	85	21	21	45	210	119	30202	30731	33	39	145	55	3	14083111026393009
10	45	30	35	45	20	7	7	255	53	85	19205	19432	33	81	0	0	0	0
11	50	20	55	30	25	7	7	120	72	85	19521	19694	106	0	0	0	0	0
12	60	45	50	70	80	7	2	45	160	119	19805	20276	93	0	0	0	0	18621620721042218
13	40	35	30	50	20	7	3	255	52	85	30466	30644	40	81	0	0	0	0
14	45	25	50	35	25	7	3	120	71	85	30727	30921	106	0	0	0	0	0
15	65	80	40	75	45	7	3	45	159	119	31003	31530	31	0	0	0	0	1698486694724388
16	40	45	40	56	35	0	2	255	55	85	17909	18150	16	0	0	0	3	2828234891199274
17	63	60	55	71	50	0	2	120	113	102	30406	30763	16	28	0	0	3	2828234891199274
18	83	80	75	91	70	0	2	45	172	119	30866	31441	16	28	98	0	3	2828234891215658
19	30	56	35	72	25	0	0	255	57	85	20483	20728	33	39	0	0	0	572582651244448
20	55	81	60	97	50	0	0	90	116	102	20785	21258	33	39	98	0	0	572582651264928
21	40	60	30	70	31	0	2	255	58	85	18497	18704	64	45	0	0	0	2828230596231978
22	65	90	65	100	61	0	2	90	162	119	17286	17783	64	45	43	0	0	2828230596248362
23	35	60	44	55	40	3	3	255	62	85	28730	28987	35	43	0	0	0	9720244592968608
24	60	85	69	80	65	3	3	90	147	119	22170	22645	35	43	40	0	0	9720244592984992
25	35	55	30	90	50	23	23	190	82	85	19797	20041	84	45	0	0	0	18604577507869617
26	60	90	55	100	90	23	23	75	122	119	20161	20657	84	45	86	0	0	18604577507886001
27	50	75	85	40	30	4	4	255	93	85	23301	23594	10	0	0	0	0	10846419376997284
28	75	100	110	65	55	4	4	90	163	102	23726	24141	10	28	0	0	0	10846419377013668
29	55	47	52	41	40	3	3	235	59	85	23745	23987	45	33	0	0	3	572311934084000
30	70	62	67	56	55	3	3	120	117	102	21879	22269	45	33	10	0	3	572311934091232
31	90	82	87	76	75	3	4	45	194	119	24058	24611	33	10	39	34	3	14223985844682737
32	46	57	40	50	40	3	3	235	60	85	17823	18077	43	33	0	0	3	572311934084064
33	61	72	57	65	55	3	3	120	118	102	21375	21724	43	33	30	0	3	572311934091232
34	81	92	77	85	75	3	4	45	195	119	19054	19614	33	30	40	37	3	14223985844682737
35	70	45	48	35	60	0	0	150	68	85	18172	18407	1	45	0	0	4	27928316659842993
36	95	70	73	60	85	0	0	25	129	102	26725	27090	47	3	107	118	4	27928316659859377
37	38	41	40	65	65	20	20	190	63	102	18673	19025	52	39	0	0	0	572724359988128
38	73	76	75	100	100	20	20	75	178	119	19126	19667	52	39	98	46	0	572724360004512
39	115	45	20	20	25	0	0	170	76	85	25181	25410	47	0	0	0	4	27928299479973809
40	140	70	45	45	50	0	0	50	109	102	25467	25852	47	50	111	3	4	27928299479990193
41	40	45	35	55	40	3	2	255	54	85	28422	28646	141	0	0	0	0	572032737084202
42	75	80	70	90	75	3	2	90	171	119	22321	22711	141	103	44	0	0	572032737100586
43	45	50	55	30	75	22	3	255	78	85	27254	27478	71	0	0	0	3	1697662063084324
44	60	65	70	40	85	22	3	120	132	102	27630	27920	71	77	78	0	3	1697662063084324
45	75	80	85	50	100	22	3	45	184	119	28089	28384	78	79	51	80	3	1697662063100836
46	35	70	55	25	55	7	22	190	70	85	29058	29324	10	0	0	0	0	1698211953116068
47	60	95	80	30	80	7	22	75	128	119	22796	23198	10	78	141	0	0	1698211953132452
48	60	55	50	45	40	7	3	190	75	85	29121	29370	33	50	0	0	0	18621345306247968
49	70	65	60	90	90	7	3	75	138	119	18089	18575	33	50	48	93	0	18621620721042218
50	10	55	25	95	45	4	4	255	81	85	27708	27866	10	0	0	0	0	1838395488207776
51	35	80	50	120	70	4	4	50	153	119	17610	17962	10	45	91	0	0	1838395488224160
52	40	45	35	90	40	0	0	255	69	85	17929	18218	10	45	0	0	0	572582517051296
53	65	70	60	115	65	0	0	90	148	119	27752	28183	10	45	44	103	0	572582517067680
54	50	52	48	55	50	21	21	190	80	85	23324	23591	10	0	0	0	0	14083381508685745
55	80	82	78	85	80	21	21	75	174	119	21092	21585	10	39	50	0	0	14083381508702129
56	40	80	35	70	35	1	1	190	74	102	26839	27188	10	43	0	0	0	9720536574690225
57	65	105	60	95	60	1	1	75	149	119	17020	17490	10	43	67	2	0	9720536574706609
58	55	70	45	60	50	20	20	190	91	85	16384	16679	44	46	0	0	5	572724364182432
59	90	110	80	95	80	20	20	75	213	119	26421	26939	46	52	43	36	5	572724901069728
60	40	50	40	90	40	21	21	255	77	85	30585	30812	145	0	0	0	3	5111091881852832
61	65	65	65	90	50	21	21	120	131	102	29442	29798	145	95	55	0	3	14118308417585073
62	90	85	95	70	70	21	1	45	185	119	29897	30385	95	55	3	34	3	14118308417601457
63	25	20	15	90	105	24	24	200	73	85	29340	29605	100	0	0	0	3	18920979938870193
64	40	35	30	105	120	24	24	100	145	102	18524	18948	100	134	0	0	3	18920980073087921
65	55	50	45	120	135	24	24	50	186	119	29744	30261	100	134	0	0	3	18920980073104305
66	70	80	50	35	35	1	1	180	88	85	28033	28316	2	0	0	0	3	9720399211201457
67	80	100	70	45	50	1	1	90	146	119	20115	20540	2	67	43	0	3	9720399211201457
68	90	130	80	55	65	1	1	45	193	119	20409	20968	2	67	43	0	3	9720399211217841
69	50	75	35	40	70	22	3	255	84	85	28510	28725	22	74	0	0	3	1697662063084324
70	65	90	50	55	85	22	3	120	151	102	28843	29114	22	74	35	0	3	1697662063084324
71	80	105	65	70	100	22	3	45	191	119	29237	29708	79	78	51	75	3	1697662063100836
72	40	40	35	70	100	21	3	190	105	85	28488	28761	51	0	0	0	5	6201811444186916
73	80	70	65	100	120	21	3	60	205	102	17471	17913	51	48	35	0	5	6201811444203300
74	40	80	100	20	30	5	4	255	86	85	22404	22701	33	0	0	0	3	9790252559303585
75	55	95	115	35	45	5	4	120	134	102	19095	19530	33	111	0	0	3	9790252559303585
76	80	110	130	45	55	5	4	45	177	102	24144	24549	33	111	0	0	3	9790252559319985
77	50	85	55	90	65	20	20	190	152	102	19228	20171	52	0	0	0	0	572724225770464
78	65	100	70	105	80	20	20	60	192	119	19612	20307	52	39	23	45	0	572724225786848
79	90	65	65	15	40	21	24	190	99	85	18219	18414	93	0	0	0	0	32432174192443296
80	95	75	110	30	80	21	24	75	164	119	19784	20293	93	50	29	0	0	32432174192918449
81	25	35	70	45	95	23	23	190	89	85	23762	23969	33	0	0	0	0	18604028288566048
82	50	60	95	70	120	23	23	60	161	102	25865	26255	33	49	84	0	0	18604028288582432
83	52	65	55	60	58	0	2	45	94	102	28569	28976	64	28	0	0	0	3950286507344814
84	35	85	45	75	35	0	2	190	96	102	30163	30481	64	0	0	0	0	3109984745817000
85	60	110	70	100	60	0	2	45	158	119	16384	16855	64	45	31	0	0	3109984745833384
86	65	45	55	45	70	21	21	190	100	102	27298	27633	29	0	0	0	0	14083106496102368
87	90	70	80	70	95	21	25	75	176	119	18663	19102	29	45	62	0	0	14083106496118752
88	80	80	50	25	40	3	3	190	90	85	22826	23128	1	50	0	0	0	642298427211936
89	105	105	75	50	65	3	3	75	157	119	24459	24852	1	50	139	0	0	642298427228320
90	30	65	100	40	45	21	21	190	97	85	28179	28385	33	110	0	0	5	5427515275886368
91	50	95	180	70	85	21	25	60	203	119	25666	26201	110	48	128	62	5	5427515275902752
92	30	35	30	80	100	8	3	190	95	85	28852	29055	122	109	101	0	3	679544652038176
93	45	50	45	95	115	8	3	90	126	119	28831	29205	122	109	101	0	3	679544652038176
94	60	65	60	110	130	8	3	45	190	119	23326	23647	122	109	101	0	3	9687310842938289
95	35	45	160	70	30	5	4	45	108	119	16778	17155	33	103	0	0	0	9790647695836064
96	60	48	45	42	90	24	24	190	102	102	23698	24033	1	95	0	0	0	18923178962125745
97	85	73	70	67	115	24	24	75	165	119	21740	22179	1	95	50	93	0	18923178962142129
98	30	105	90	50	25	21	21	225	115	85	18306	18557	145	43	0	0	0	15208456647098276
99	55	130	115	75	50	21	21	60	206	119	24993	25505	145	43	11	0	0	15208456647114660
100	40	30	50	100	55	23	23	190	103	85	18783	18960	33	103	0	0	0	18674431392481568
101	60	50	70	140	80	23	23	60	150	85	26382	26624	33	103	49	0	0	18674981148311840
102	60	40	80	40	60	22	24	90	98	119	22201	22695	140	95	0	0	5	677419153883936
103	95	95	85	55	125	22	24	45	212	119	20978	21429	140	95	0	0	5	9684618411787040
104	50	50	95	35	40	4	4	190	87	85	24796	25079	45	0	0	0	0	9579644542992305
105	60	80	110	45	50	4	4	75	124	102	28322	28694	125	39	0	0	0	9579644543008689
106	50	120	53	87	35	1	1	45	139	119	21223	21654	24	96	0	0	0	9579798926918577
107	50	105	79	76	35	1	1	45	140	102	21748	22057	4	97	0	0	0	9579798926918577
108	90	55	75	30	60	0	0	45	127	119	21604	22048	35	48	0	0	0	15209143968169909
109	40	65	95	35	60	3	3	190	114	102	26386	26682	33	123	0	0	0	642298426163232
110	65	90	120	60	85	3	3	60	173	119	27230	27584	33	123	124	0	0	642298426179616
111	80	85	95	25	30	4	5	120	135	119	25193	25655	30	0	0	0	5	9720382056039392
112	105	130	120	40	45	4	5	60	204	119	16384	16922	30	23	39	31	5	14223981683933169
113	250	5	5	50	105	0	0	30	255	102	19704	20015	1	39	0	0	4	27929484890963889
114	65	55	115	60	100	22	22	45	166	102	31550	31900	132	0	0	0	0	1698207523947428
115	105	95	80	90	40	0	0	45	175	119	17074	17673	4	99	0	0	0	14223981549682609
116	30	40	70	60	70	21	21	225	83	85	22438	22680	145	0	0	0	0	5076182119235360
117	55	65	95	85	95	21	21	75	155	102	22761	23143	145	108	0	0	0	5076182119251744
118	45	67	60	63	50	21	21	225	111	102	18085	18432	64	39	0	0	0	5076182119235424
119	80	92	65	68	80	21	21	60	170	119	18541	19054	64	39	48	0	0	5076182119251808
120	30	45	55	85	70	21	21	225	106	102	29881	30127	33	0	0	0	5	23424837289000736
121	60	75	85	115	100	21	24	60	207	102	31604	31991	33	55	106	0	5	23424837289017120
122	40	45	65	90	100	24	24	45	136	102	20684	21103	93	112	0	0	0	18639504989438897
123	70	110	80	105	55	7	2	45	187	119	29195	29717	98	0	0	0	0	1698482398708516
124	65	50	35	95	95	25	24	45	137	102	30883	31324	1	142	0	0	0	607514266664881
125	65	83	57	105	85	23	23	45	156	102	25258	25712	98	43	0	0	0	27646979119989681
126	65	95	57	93	85	20	20	45	167	102	24660	25090	52	0	0	0	0	9614846665376689
127	65	125	100	85	55	7	7	45	200	119	30868	31407	11	0	0	0	5	10704857020056484
128	75	100	95	110	70	0	0	45	211	119	27976	28420	33	0	0	0	5	9579644433495008
129	20	10	55	80	20	21	21	255	20	102	23942	24312	150	0	0	0	5	0
130	95	125	79	81	100	21	2	45	214	119	27451	28034	33	0	0	0	5	14083248259366816
131	130	85	80	60	95	21	25	45	219	119	25833	26290	55	45	0	0	5	14118295463034848
132	48	48	48	48	48	0	0	35	61	85	17693	17853	144	0	0	0	0	0
133	55	55	50	55	65	0	0	45	92	85	25966	26243	33	39	0	0	0	572586786816928
134	130	65	60	65	110	21	21	45	196	102	27464	27876	33	39	98	55	0	5076186414219168
135	65	65	60	130	110	23	23	45	197	102	26837	27300	33	39	98	84	0	18604577507525536
136	65	130	60	65	110	20	20	45	198	102	26347	26700	33	39	98	52	0	572724225786784
137	65	60	70	40	75	0	0	45	130	102	22792	23046	33	159	160	0	0	18921237661643552
138	35	40	100	35	90	5	21	45	120	85	24294	24517	55	110	0	0	0	5075361780481952
139	70	60	125	55	115	5	21	45	199	102	24610	25017	55	110	30	0	0	5075911536639968
140	30	80	90	55	45	5	21	45	119	85	21589	21781	10	106	0	0	0	5075361780481952
141	60	115	105	80	70	5	21	45	201	102	21871	22305	10	106	71	0	0	6201811443482550
142	80	105	65	130	60	5	2	45	202	119	23142	23607	17	97	0	0	5	2828372334363434
143	160	110	65	30	65	0	0	25	154	119	23470	23866	29	133	156	0	5	14259222026911665
144	90	85	100	85	125	25	2	3	215	119	16384	16960	64	58	0	0	5	2828234891231018
145	90	90	85	100	125	23	2	3	216	119	17061	17549	84	65	0	0	5	20860225611907882
146	90	100	90	90	125	20	2	3	217	119	31430	31909	64	83	0	0	5	2828372330169130
147	41	64	45	50	50	26	26	45	67	85	20799	21024	35	43	0	0	5	5093916068560800
148	61	84	65	70	70	26	26	27	144	102	21123	21450	35	43	86	0	5	5093916068560864
149	91	134	95	80	100	26	2	9	218	119	29448	29990	35	43	86	97	5	14101115323318242
150	106	110	90	130	154	24	24	3	220	119	22828	23322	93	50	129	94	5	27928351019597745
