

1 16 167
2 10 1 142
1 20 35
1 30 141


1 32 154


2 47 1 10
1 38 136

1 16 168

1 28 145
1 42 1




2 34 1 139
1 30 155
1 25 147

2 34 1 152





2 32 1 20


1 18 150
1 37 8
3 1 149
3 1 49

3 1 126





1 33 128
1 26 129






1 35 143

1 28 117
1 34 120
1 26 118





1 31 119




1 31 116
1 25 110





1 28 144
1 28 138



2 32 1 83

2 33 1 85



1 30 89
1 55 66
1 40 91

1 32 93



1 22 97

1 40 99

2 10 1 101

2 32 1 103 2 33 1 104 2 34 1 105



1 28 41
1 22 130
1 22 45
1 24 46
2 34 1 111

1 7 113
1 10 114









1 7 124
1 10 125








1 20 22













3 1 14
1 16 38

1 36 151


1 16 9



1 33 158





1 40 164

1 20 166

2 10 1 7
2 10 1 16
1 25 39



1 30 54


1 16 178
1 16 179
1 36 180
1 36 28





1 21 186
2 47 1 187

1 21 189
2 47 1 190

