30 23 35 39 40 31 48 32 55 43 64 36
26 44 31 39 36 5 41 43 46 146
8 30 14 40 21 116 29 31 36 32 43 24
13 47 18 3 24 107 31 118 39 111 48 113
9 43 15 31 22 119 29 65 36 97
17 49 22 120 29 113 36 129 43 153
8 30 14 40 23 37
18 50 22 29 27 45 33 55 37 110 44 133 55 94
7 73 13 22 22 77 30 75 38 74 46 79 54 76
28 23
7 23 15 50 23 111 31 21 39 103
25 115 28 73 32 78 37 77 42 76 48 79
30 139 33 107 37 124 42 106 48 103 55 151
29 95 38 138
8 10 14 40 21 39 29 44 36 154 43 24
8 10 14 40 23 34
25 43 31 116 38 37 43 155 46 99
30 23 35 39 40 31 45 32 50 43 55 36
16 47 20 54 25 34 31 109 38 58 46 56

10 144 20 5 30 118 40 94
20 44 25 82 32 43 41 56 52 63
18 48 23 128 30 62 39 43 50 58
7 48 13 35 18 40 22 55 27 132 33 112 40 103 48 56
27 95 35 138
17 43 20 116 24 104 29 163 35 14 42 97
17 55 22 106 27 105 32 129 37 107 42 113 47 56
8 145 15 55 24 44 31 110 42 130 52 56
25 69 30 12 36 116 43 106 49 163 54 14
29 71 32 77 36 78 39 79 45 21 49 74


18 52 23 43 30 36 39 97 50 53
15 20 19 88 25 99 33 21 43 106
9 43 15 31 25 119 34 65 43 97
5 28 12 98 19 18 28 17 36 97 44 119
18 50 22 29 27 45 33 55 40 133 48 94
16 93 20 50 27 60 31 105 38 94 42 115
11 111 16 88 21 120 29 106 36 89 43 153
24 47 30 45 38 107 44 111 48 113 54 38
20 67 25 43 36 116 44 69 52 66
15 93 23 113 31 3 39 96 47 164
33 27 38 26 43 116 48 136 53 25
33 7 38 8 43 9 48 5 53 68
10 40 17 44 27 137 36 103 47 51
13 78 20 141 30 147 39 163 48 74
28 39 31 50 36 93 43 154 52 56
12 50 17 93 24 29 29 139 32 94 37 96
11 111 16 88 21 120 29 106 36 89 43 153

36 43 39 109 43 7 48 108 52 123 55 53

34 84 37 103 42 9 49 113 54 87
21 49 25 84 29 48 38 86 46 129 54 103
32 124 37 108 40 120 45 114 48 153

15 2 21 154 27 116 33 69 39 37
30 45 35 62 40 156 45 36 50 58
15 45 19 91 24 28 31 163 40 89
21 23 28 39 35 43 44 99 51 36



7 43 15 31 23 14 31 97 39 163
24 77 27 141 30 78 35 60 38 79 43 94
10 86 20 97 35 21 45 82 60 63



20 45 24 31 30 65 36 99 40 161 44 97
16 95 19 55 25 3 31 34 38 133 45 56
18 122 23 3 31 8 39 34 47 37 58 59
51 43 55 97 60 143
51 59 55 97 60 54
51 87 55 97 60 113

12 44 17 6 24 103 33 154 44 163
20 11 25 12 30 23 35 152 40 106



16 98 21 46 28 109 35 53 42 83

9 86 16 98 26 129 33 97 43 87



10 86 20 97 30 21 40 82 50 63
10 86 20 97 35 21 45 82 55 63
34 71 39 163 44 43 49 56
34 71 39 163 46 43 53 56
19 108 24 43 30 55 37 97 45 56
19 108 24 43 30 55 41 97 52 56


10 28 17 163 24 40 31 129 38 154
10 28 17 163 27 40 36 129 47 154
34 30 39 43 46 131 53 56
34 30 39 43 44 131 49 56
9 1 14 50 19 111 24 3 29 156 34 34 39 38

27 98 31 39 37 44 45 36
27 98 31 52 37 39 40 44 42 43 44 83 48 99 54 53
27 98 31 84 37 39 40 86 42 24 44 97 48 42 54 87
27 98 31 55 37 39 40 44 42 151 44 114 48 54 54 56
20 67 25 43 32 116 39 69 46 66
10 48 15 44 21 109 28 17 36 114
10 40 17 44 24 137 31 103 38 51
13 78 20 141 27 147 34 163 41 74
16 95 19 55 26 3 33 34 41 133 49 56
16 95 19 55


12 31 16 116 20 41 25 99 30 42 35 97

20 45 24 31 30 65 39 99 45 161 51 97
15 2 21 154 27 116 37 69 46 37
15 45 19 91 24 28 35 163 47 89
24 77 27 141 30 78 38 60 43 79 50 94
30 45 35 62 44 156 50 36 56 58




12 93 15 77 16 78 17 79 21 48 26 18 32 60
20 67 25 43 36 116 44 69 52 66

28 39 31 50 39 93 48 154 59 56
12 50 17 93 24 29 33 139 37 94 43 96
10 48 15 44 21 109 32 17 43 114
63 112 66 94 70 105 75 54 81 133
35 34 41 106 48 38 56 63
15 33


30 139 33 107 37 124 45 106 53 103 60 151

20 11 25 12 34 23 42 152 49 106
50 131

17 49 22 120 29 113 40 129 50 153

32 124 39 108 43 120 49 114 53 153
12 44 17 6 24 103 37 154 51 163
25 43 33 116 41 37 48 155 55 99

29 95 38 138

16 93 20 50 27 60 31 105 38 94 42 115
5 28 12 98 21 18 31 17 40 97 49 119
5 28 12 98 21 18 31 17 44 97 54 119

7 73 13 22 20 77 27 75 34 74 41 79 48 76
7 73 13 22 22 77 30 75 43 74 55 79 65 76
7 48 13 35 18 40 22 55 27 132 35 112 43 103 50 56

19 48 24 30 30 31 37 127 45 32 54 97
19 48 24 30 30 31 39 127 48 32 54 97




30 39 32 23 35 45 39 83 43 36 48 97
30 39 32 23 35 45 39 83 47 36 55 97
7 98 14 158 23 116 34 162
7 98 14 158 27 116 41 162
8 30 14 40 23 116 32 31 41 32 50 24
8 10 14 40 23 39 32 44 41 154 50 24
11 111 16 88 21 120 26 106 31 89 36 153
23 60 28 105 35 97 42 161
33 48 38 44 45 36 54 63

21 49 25 84 29 48 35 86 41 129 47 103


9 52 15 43 22 99 30 163 38 53 46 83
8 145 15 55 22 44 28 110 35 130 42 56
9 52 15 43 24 99 33 163 42 53 56 83
8 145 15 55 24 44 31 110 39 130 47 56
9 52 15 43 24 99 36 163 46 53 55 83




15 77 17 78 19 79 24 51 33 80 46 76
15 77 17 78 19 79 28 51 38 80 52 76
15 77 17 78 19 79
13 35 15 77 18 79 21 78 26 51 33 75 42 21
13 35 15 77 18 79 23 78 29 51 38 75 49 21
13 35 15 77 18 79
