1	0	40	0	255	35
2	0	50	0	255	25
3	29	15	0	216	10
4	29	18	0	216	15
5	0	80	0	216	20
6	16	40	0	255	20
7	4	75	20	255	15
8	5	75	25	255	15
9	6	75	23	255	15
10	0	40	0	255	35
11	0	55	0	255	30
12	38	1	0	76	5
13	39	80	0	191	10
14	50	0	0	255	30
15	0	50	0	242	30
16	0	40	0	255	35
17	0	35	2	255	35
18	28	0	0	216	20
19	43	70	2	242	15
20	42	15	0	191	20
21	0	80	0	191	20
22	0	35	22	255	10
23	37	65	0	255	20
24	44	30	1	255	30
25	0	120	0	191	5
26	45	70	1	242	25
27	37	60	1	216	15
28	22	0	0	255	15
29	37	70	0	255	15
30	0	65	0	255	25
31	29	15	0	216	20
32	38	1	0	76	5
33	0	35	0	242	35
34	36	85	0	255	15
35	42	15	0	216	20
36	48	90	0	216	20
37	27	90	0	255	20
38	48	100	0	255	15
39	19	0	0	255	30
40	2	15	3	255	35
41	77	25	7	255	20
42	29	14	7	216	20
43	19	0	0	255	30
44	31	60	0	255	25
45	18	0	0	255	40
46	28	0	0	255	20
47	32	0	0	140	15
48	49	0	0	140	20
49	41	1	0	229	20
50	86	0	0	140	20
51	69	40	3	255	30
52	4	40	20	255	25
53	4	95	20	255	15
54	46	0	25	255	30
55	0	40	21	255	25
56	0	120	21	204	5
57	0	95	21	255	15
58	5	95	25	255	10
59	5	120	25	229	5
60	76	65	24	255	20
61	70	65	21	255	20
62	68	65	25	255	20
63	80	150	0	229	5
64	0	35	2	255	35
65	0	80	2	255	20
66	48	80	1	204	25
67	37	50	1	229	20
68	0	1	1	255	20
69	41	1	1	255	20
70	0	80	0	255	15
71	3	20	22	255	20
72	3	40	22	255	10
73	84	0	22	229	10
74	13	0	0	255	40
75	0	55	22	242	25
76	39	120	22	255	10
77	66	0	3	191	35
78	67	0	22	191	30
79	32	0	22	191	15
80	27	70	22	255	20
81	20	0	7	242	40
82	41	1	26	255	10
83	42	15	20	178	15
84	6	40	23	255	30
85	6	95	23	255	15
86	67	0	23	255	20
87	6	120	23	178	10
88	0	50	5	165	15
89	0	100	4	255	10
90	38	1	4	76	5
91	39	100	4	255	10
92	66	0	3	216	10
93	76	50	24	255	25
94	71	90	24	255	10
95	32	0	24	153	20
96	10	0	24	255	40
97	52	0	24	255	30
98	0	40	0	255	30
99	81	20	0	255	20
100	28	0	24	255	20
101	41	0	8	255	15
102	82	0	0	255	10
103	59	0	0	216	40
104	15	0	0	255	15
105	56	0	0	255	20
106	11	0	0	255	30
107	15	0	0	255	20
108	22	0	0	255	20
109	49	0	8	255	10
110	11	0	21	255	40
111	11	0	0	255	40
112	51	0	24	255	30
113	64	0	24	255	30
114	25	0	25	255	30
115	65	0	24	255	20
116	47	0	0	255	30
117	26	0	0	255	10
118	83	0	0	255	10
119	9	0	2	255	20
120	7	130	0	255	5
121	0	100	0	191	10
122	36	20	8	255	30
123	33	20	3	178	20
124	33	65	3	255	20
125	31	65	4	216	20
126	34	120	20	216	5
127	0	80	21	255	15
128	42	35	21	191	10
129	17	60	0	255	20
130	39	100	0	255	15
131	29	20	0	255	15
132	70	10	0	255	35
133	53	0	24	255	20
134	22	0	24	204	15
135	56	0	0	255	10
136	45	85	1	229	20
137	67	0	0	191	30
138	8	100	24	255	15
139	66	0	3	140	40
140	29	15	0	216	20
141	3	20	7	255	15
142	32	0	0	191	10
143	39	140	2	229	5
144	57	0	0	255	10
145	70	20	21	255	30
146	0	70	0	255	10
147	32	0	22	255	15
148	22	0	0	178	20
149	41	1	24	204	15
150	85	0	0	255	40
151	51	0	3	255	40
152	0	90	21	216	10
153	7	170	0	255	5
154	29	18	0	204	15
155	44	50	4	229	10
156	56	0	24	255	10
157	0	75	5	229	10
158	31	80	0	229	15
159	10	0	0	255	30
160	24	0	0	255	30
161	0	80	0	255	10
162	40	1	0	229	10
163	0	70	0	255	20
164	79	0	0	255	10
165	48	50	0	255	10
