1	45	49	49	45	65	22	3	45	64	85	16384	16613	33	45	0	0	3	1697662063084452
2	60	62	63	60	80	22	3	45	141	102	20523	20823	33	45	73	0	3	1697662063084452
3	80	82	83	80	100	22	3	45	208	119	16738	17303	33	45	73	22	3	1697662063100836
4	39	52	43	65	50	20	20	45	65	85	23644	23900	10	45	0	0	3	10705823526224821
5	58	64	58	80	65	20	20	45	142	102	24332	24648	10	45	52	0	3	10705823526224821
6	78	84	78	100	85	20	2	45	209	119	25222	25749	10	45	52	43	3	10705823626904501
7	44	48	65	43	50	21	21	45	66	85	23992	24207	33	39	0	0	3	14083110925713329
8	59	63	80	58	65	21	21	45	143	102	24753	25073	33	39	145	0	3	14083110925713329
9	79	83	100	78	85	21	21	45	210	119	30263	30801	33	39	145	55	3	14083111026393009
10	45	30	35	45	20	7	7	255	53	85	19017	19169	33	81	0	0	0	0
11	50	20	55	30	25	7	7	120	72	85	19258	19400	106	0	0	0	0	0
12	60	45	50	70	80	7	2	45	160	119	19511	19982	93	0	0	0	0	607222211560234
13	40	35	30	50	20	7	3	255	52	85	30077	30244	40	81	0	0	0	0
14	45	25	50	35	25	7	3	120	71	85	30327	30518	106	0	0	0	0	0
15	65	80	40	75	45	7	3	45	159	119	30600	31104	31	0	0	0	0	1698486694724388
16	40	45	40	56	35	0	2	255	55	85	17831	18011	16	0	0	0	3	2828234891199274
17	63	60	55	71	50	0	2	120	113	102	30730	31067	16	28	0	0	3	2828234891199274
18	83	80	75	91	70	0	2	45	172	119	31170	31609	16	28	98	0	3	2828234891215658
19	30	56	35	72	25	0	0	255	57	85	20330	20545	33	39	0	0	0	572582651244448
20	55	81	60	97	50	0	0	90	116	102	20602	21005	33	39	98	0	0	572582651264928
21	40	60	30	70	31	0	2	255	58	85	18399	18626	64	45	0	0	0	2828230596231978
22	65	90	65	100	61	0	2	90	162	119	17283	17705	64	45	43	0	0	2828230596248362
23	35	60	44	55	40	3	3	255	62	85	28523	28781	35	43	0	0	0	9720244592968608
24	60	85	69	80	65	3	3	90	147	119	22196	22801	35	43	40	0	0	9720244592984992
25	35	55	30	90	50	23	23	190	82	85	19837	20107	84	45	0	0	0	18604577507869617
26	60	90	55	100	90	23	23	75	122	119	20227	20675	84	45	86	0	0	18604577507886001
27	50	75	85	40	30	4	4	255	93	85	23241	23527	10	0	0	0	0	10846419376997284
28	75	100	110	65	55	4	4	90	163	102	23659	24068	10	28	0	0	0	10846419377013668
29	55	47	52	41	40	3	3	235	59	85	23848	24002	45	33	0	0	3	572311934084000
30	70	62	67	56	55	3	3	120	117	102	21643	21960	45	33	10	0	3	572311934091232
31	90	82	87	76	75	3	4	45	194	119	24073	24559	33	10	39	34	3	14223985844682737
32	46	57	40	50	40	3	3	235	60	85	17724	17955	43	33	0	0	3	572311934084064
33	61	72	57	65	55	3	3	120	118	102	21122	21488	43	33	30	0	3	572311934091232
34	81	92	77	85	75	3	4	45	195	119	18936	19552	33	30	40	37	3	14223985844682737
35	70	45	48	35	60	0	0	150	68	85	18050	18309	1	45	0	0	4	27928316659842993
36	95	70	73	60	85	0	0	25	129	102	26764	27064	47	3	107	118	4	27928316659859377
37	38	41	40	65	65	20	20	190	63	102	18724	19098	52	39	0	0	0	572724359988128
38	73	76	75	100	100	20	20	75	178	119	19199	19707	52	39	98	46	0	572724360004512
39	115	45	20	20	25	0	0	170	76	85	25135	25359	47	0	0	0	4	27928299479973809
40	140	70	45	45	50	0	0	50	109	102	25416	25791	47	50	111	3	4	27928299479990193
41	40	45	35	55	40	3	2	255	54	85	28172	28439	141	0	0	0	0	572032737084202
42	75	80	70	90	75	3	2	90	171	119	21984	22538	141	103	44	0	0	572032737100586
43	45	50	55	30	75	22	3	255	78	85	26635	26793	71	0	0	0	3	1697662063084324
44	60	65	70	40	85	22	3	120	132	102	26945	27256	71	77	78	0	3	1697662063084324
45	75	80	85	50	100	22	3	45	184	119	27425	27778	78	79	51	80	3	1697662063100836
46	35	70	55	25	55	7	22	190	70	85	28852	29047	10	0	0	0	0	1698211953116068
47	60	95	80	30	80	7	22	75	128	119	22952	23436	10	78	141	0	0	1698211953132452
48	60	55	50	45	40	7	3	190	75	85	29527	29788	33	50	0	0	0	606946796765984
49	70	65	60	90	90	7	3	75	138	119	18089	18497	33	50	77	141	0	607222211560234
50	10	55	25	95	45	4	4	255	81	85	27955	28176	10	0	0	0	0	712495581365152
51	35	80	50	120	70	4	4	50	153	102	17536	17962	10	45	91	0	0	712495581381536
52	40	45	35	90	40	0	0	255	69	85	17929	18207	10	45	0	0	0	572582517051296
53	65	70	60	115	65	0	0	90	148	119	27934	28420	10	45	44	103	0	572582517067680
54	50	52	48	55	50	21	21	190	80	85	23562	23870	10	0	0	0	0	14083381508685745
55	80	82	78	85	80	21	21	75	174	119	20744	21186	10	39	50	0	0	14083381508702129
56	40	80	35	70	35	1	1	190	74	85	27153	27414	10	43	0	0	0	9720536574690225
57	65	105	60	95	60	1	1	75	149	119	16967	17416	10	43	2	154	0	9720536574706609
58	55	70	45	60	50	20	20	190	91	85	16384	16641	44	46	0	0	5	572724364182432
59	90	110	80	95	80	20	20	75	213	119	26367	26941	46	52	43	36	5	572724901069728
60	40	50	40	90	40	21	21	255	77	85	30837	31047	145	0	0	0	3	5111091881852832
61	65	65	65	90	50	21	21	120	131	102	29165	29534	145	95	55	0	3	14118308417585073
62	90	85	95	70	70	21	1	45	185	119	29633	29996	95	55	3	34	3	14118308417601457
63	25	20	15	90	105	24	24	200	73	85	29644	29903	100	0	0	0	3	18920979938870193
64	40	35	30	105	120	24	24	100	145	102	18480	18873	100	93	50	0	3	18920980073087921
65	55	50	45	120	135	24	24	50	186	119	30042	30585	100	93	50	0	3	18920980073104305
66	70	80	50	35	35	1	1	180	88	85	27807	28066	2	0	0	0	3	9720399211201457
67	80	100	70	45	50	1	1	90	146	119	20101	20579	2	67	43	0	3	9720399211201457
68	90	130	80	55	65	1	1	45	193	119	20115	20620	2	67	43	0	3	9720399211217841
69	50	75	35	40	70	22	3	255	84	85	27904	28090	22	74	0	0	3	1697662063084324
70	65	90	50	55	85	22	3	120	151	102	28208	28527	22	74	35	0	3	1697662063084324
71	80	105	65	70	100	22	3	45	191	119	28650	29106	79	78	51	75	3	1697662063100836
72	40	40	35	70	100	21	3	190	105	85	28202	28444	51	0	0	0	5	6201811444186916
73	80	70	65	100	120	21	3	60	205	102	17493	17859	51	48	35	0	5	6201811444203300
74	40	80	100	20	30	5	4	255	86	85	22095	22313	33	0	0	0	3	9790252559303585
75	55	95	115	35	45	5	4	120	134	102	19020	19456	33	111	0	0	3	9790252559303585
76	80	110	130	45	55	5	4	45	177	102	24436	24818	33	111	0	0	3	9790252559319985
77	50	85	55	90	65	20	20	190	152	102	19121	20018	52	0	0	0	0	572724225770464
78	65	100	70	105	80	20	20	60	192	119	19472	20154	52	39	23	45	0	572724225786848
79	90	65	65	15	40	21	24	190	99	85	18080	18370	93	0	0	0	0	32432174192443296
80	95	75	110	30	80	21	24	75	164	119	19722	20359	93	50	29	0	0	32432174192918449
81	25	35	70	45	95	23	23	190	89	85	23431	23565	33	0	0	0	0	18604028288566048
82	50	60	95	70	120	23	23	60	161	102	25992	26403	33	49	84	0	0	18604028288582432
83	52	65	55	60	58	0	2	45	94	102	28905	29382	64	28	0	0	0	3950286507344814
84	35	85	45	75	35	0	2	190	96	85	30508	30733	64	0	0	0	0	3109984745817000
85	60	110	70	100	60	0	2	45	158	119	16384	16802	64	45	31	0	0	3109984745833384
86	65	45	55	45	70	21	21	190	100	102	27524	27880	29	0	0	0	0	14083106496102368
87	90	70	80	70	95	21	25	75	176	102	18585	18914	29	45	62	0	0	14083106496118752
88	80	80	50	25	40	3	3	190	90	85	22899	23216	1	50	0	0	0	642298427211936
89	105	105	75	50	65	3	3	75	157	119	24406	24927	1	50	139	0	0	642298427228320
90	30	65	100	40	45	21	21	190	97	85	27830	28099	33	110	0	0	5	5427515275886368
91	50	95	180	70	85	21	25	60	203	119	25727	26283	110	48	128	62	5	5427515275902752
92	30	35	30	80	100	8	3	190	95	119	28535	29072	122	109	101	0	3	679544652038176
93	45	50	45	95	115	8	3	90	126	102	29066	29509	122	109	101	0	3	679544652038176
94	60	65	60	110	130	8	3	45	190	102	23414	23750	122	109	101	0	3	9687310842938289
95	35	45	160	70	30	5	4	45	108	119	16740	17152	33	103	0	0	0	9790647695836064
96	60	48	45	42	90	24	24	190	102	102	23977	24325	1	95	0	0	0	18923178962125745
97	85	73	70	67	115	24	24	75	165	119	21341	21842	1	95	50	93	0	18923178962142129
98	30	105	90	50	25	21	21	225	115	85	18295	18608	145	43	0	0	0	15208456647098276
99	55	130	115	75	50	21	21	60	206	119	25068	25566	145	43	11	0	0	15208456647114660
100	40	30	50	100	55	23	23	190	103	85	18705	18842	33	103	0	0	0	18674431392481568
101	60	50	70	140	80	23	23	60	150	85	26464	26663	33	103	49	0	0	18674981148311840
102	60	40	80	40	60	22	24	90	98	119	22231	22768	140	95	0	0	5	677419153883936
103	95	95	85	55	125	22	24	45	212	119	20950	21496	140	95	0	0	5	9684618411787040
104	50	50	95	35	40	4	4	190	87	85	24744	24982	125	45	0	0	0	9579644542992305
105	60	80	110	45	50	4	4	75	124	102	28559	28929	125	45	43	116	0	9579644543008689
106	50	120	53	87	35	1	1	45	139	119	21183	21598	24	96	0	0	0	9579798926918577
107	50	105	79	76	35	1	1	45	140	102	21692	22083	4	97	0	0	0	9579798926918577
108	90	55	75	30	60	0	0	45	127	119	21671	22078	35	48	0	0	0	15209143968169909
109	40	65	95	35	60	3	3	190	114	102	26534	26996	33	123	0	0	0	642298426163232
110	65	90	120	60	85	3	3	60	173	119	27204	27766	33	123	124	0	0	642298426179616
111	80	85	95	25	30	4	5	120	135	119	25096	25615	30	0	0	0	5	9720382056039392
112	105	130	120	40	45	4	5	60	204	119	16384	16898	30	23	39	31	5	14223981683933169
113	250	5	5	50	105	0	0	30	255	102	19630	20001	1	3	0	0	4	27929484890963889
114	65	55	115	60	100	22	22	45	166	102	31545	31975	132	20	0	0	0	1698207523947428
115	105	95	80	90	40	0	0	45	175	119	17050	17574	4	99	0	0	0	14223981549682609
116	30	40	70	60	70	21	21	225	83	85	22465	22643	145	0	0	0	0	5076182119235360
117	55	65	95	85	95	21	21	75	155	102	22724	23083	145	108	0	0	0	5076182119251744
118	45	67	60	63	50	21	21	225	111	102	18031	18326	64	39	0	0	0	5076182119235424
119	80	92	65	68	80	21	21	60	170	119	18435	18947	64	39	48	0	0	5076182119251808
120	30	45	55	85	70	21	21	225	106	102	29920	30188	33	0	0	0	5	23424837289000736
121	60	75	85	115	100	21	24	60	207	102	31772	32172	33	55	106	0	5	23424837289017120
122	40	45	65	90	100	24	24	45	136	102	20723	21063	93	112	0	0	0	18639504989438897
123	70	110	80	105	55	7	2	45	187	119	29212	29756	98	0	0	0	0	1698482398708516
124	65	50	35	95	95	25	24	45	137	102	31118	31554	1	142	0	0	0	607514266664881
125	65	83	57	105	85	23	23	45	156	102	25447	25839	98	43	0	0	0	27646979119989681
126	65	95	57	93	85	20	20	45	167	102	24929	25279	52	0	0	0	0	9614846665376689
127	65	125	100	85	55	7	7	45	200	119	30938	31402	11	0	0	0	5	10704857020056484
128	75	100	95	110	70	0	0	45	211	119	28286	28756	33	0	0	0	5	9579644433495008
129	20	10	55	80	20	21	21	255	20	102	23857	24259	150	0	0	0	5	0
130	95	125	79	81	100	21	2	45	214	119	27092	27685	44	82	43	56	5	14083248259366816
131	130	85	80	60	95	21	25	45	219	119	25793	26236	55	45	0	0	5	14118295463034848
132	48	48	48	48	48	0	0	35	61	85	17684	17853	144	0	0	0	0	0
133	55	55	50	55	65	0	0	45	92	85	25905	26149	33	28	0	0	0	572586786816928
134	130	65	60	65	110	21	21	45	196	102	27310	27650	33	28	98	55	0	5076186414219168
135	65	65	60	130	110	23	23	45	197	102	26767	27146	33	28	98	84	0	18604577507525536
136	65	130	60	65	110	20	20	45	198	102	26253	26630	33	28	98	52	0	572724225786784
137	65	60	70	40	75	0	0	45	130	102	22404	22737	33	159	160	0	0	18921237661643552
138	35	40	100	35	90	5	21	45	120	85	24221	24438	55	110	0	0	0	5075361780481952
139	70	60	125	55	115	5	21	45	199	102	24531	24971	55	110	30	0	0	5075911536639968
140	30	80	90	55	45	5	21	45	119	85	21604	21801	10	106	0	0	0	5075361780481952
141	60	115	105	80	70	5	21	45	201	102	21891	22332	10	106	71	0	0	5075911536639926
142	80	105	65	130	60	5	2	45	202	119	22833	23276	17	97	0	0	5	2828372334363434
143	160	110	65	30	65	0	0	25	154	119	23321	23781	29	133	156	0	5	14259222026911665
144	90	85	100	85	125	25	2	3	215	119	16384	16952	64	58	0	0	5	2828234891231018
145	90	90	85	100	125	23	2	3	216	119	17053	17540	84	65	0	0	5	20860225611907882
146	90	100	90	90	125	20	2	3	217	119	31660	32258	64	83	0	0	5	2828372330169130
147	41	64	45	50	50	26	26	45	67	85	20817	21044	35	43	0	0	5	5093916068560800
148	61	84	65	70	70	26	26	45	144	102	21143	21465	35	43	86	0	5	5093916068560864
149	91	134	95	80	100	26	2	45	218	119	29866	30335	35	43	86	97	5	14101115323318242
150	106	110	90	130	154	24	24	3	220	119	22655	23173	93	50	129	94	5	27928351019630513
